0,1,2,3,4,5,6,7,8,9,10,11,12,13,14,15,16,17,18,19,20,21,22,23,24,25,26,27,28,29,30,31,32,33,34,35,36,37,38,39,40,41,42,43,44,45,46,47,48,49,50,51,52,53,54,55,56,57,58,59,60,61,62,63,64,65,66,67,68,69,70,71,72,73,74,75,76,77,78,79,80,81,82,83,84,85,86,87,88,89,90,91,92,93,94,95,96,97,98,99,100,101,102,103,104,105,106,107,108,109,110,111,112,113,114,115,116,117,118,119,120,121,122,123,124,125,126,127,128,129
0,1,4696
0,2,1422
0,3,8680
0,4,8453
0,5,107
0,6,9225
0,7,2007
0,8,7629
0,9,1810
0,10,4083
0,11,704
0,12,1528
0,13,6708
0,14,2602
0,15,4514
0,16,578
0,17,1404
0,18,7846
0,19,5960
0,20,1014
0,21,7218
0,22,4878
0,23,4408
0,24,7429
0,25,4653
0,26,1532
0,27,5235
0,28,4606
0,29,921
0,30,3069
0,31,752
0,32,9394
0,33,4124
0,34,824
0,35,4312
0,36,1975
0,37,5750
0,38,9667
0,39,5780
0,40,6286
0,41,7669
0,42,7032
0,43,4487
0,44,1332
0,45,8604
0,46,648
0,47,564
0,48,959
0,49,6977
0,50,1453
0,51,5939
0,52,5643
0,53,9729
0,54,745
0,55,7340
0,56,1727
0,57,6358
0,58,35
0,59,3122
0,60,3737
0,61,9344
0,62,2923
0,63,1990
0,64,7077
0,65,5927
0,66,704
0,67,6699
0,68,7569
0,69,1738
0,70,1547
0,71,1554
0,72,6072
0,73,5739
0,74,8245
0,75,7576
0,76,6475
0,77,4131
0,78,3852
0,79,4659
0,80,2207
0,81,5613
0,82,7935
0,83,2725
0,84,6812
0,85,8954
0,86,6146
0,87,8405
0,88,1359
0,89,8547
0,90,497
0,91,3398
0,92,4541
0,93,9956
0,94,3005
0,95,2940
0,96,2236
0,97,9936
0,98,5382
0,99,4854
0,100,6150
0,101,6193
0,102,8811
0,103,1896
0,104,8548
0,105,3077
0,106,2450
0,107,7110
0,108,6046
0,109,6849
0,110,3467
0,111,8127
0,112,8605
0,113,8088
0,114,3588
0,115,5620
0,116,7545
0,117,9693
0,118,5476
0,119,9353
0,120,4145
0,121,4862
0,122,86
0,123,6488
0,124,8078
0,125,7629
0,126,6131
0,127,8552
0,128,1180
0,129,5148
1,2,3538
1,3,5894
1,4,9439
1,5,5598
1,6,6719
1,7,5714
1,8,179
1,9,3719
1,11,4052
1,12,5447
1,13,1750
1,14,5557
1,15,5762
1,16,917
1,17,60
1,18,7740
1,19,9172
1,22,9217
1,23,280
1,24,9100
1,25,8142
1,26,7137
1,27,8242
1,28,4232
1,29,8875
1,32,3302
1,33,1055
1,34,8152
1,35,7625
1,36,2694
1,37,5343
1,38,1046
1,39,6263
1,42,3285
1,43,8918
1,44,3655
1,45,7957
1,46,9544
1,47,3307
1,48,8233
1,49,5010
1,52,6056
1,53,6496
1,54,9429
1,55,3165
1,56,1601
1,57,8371
1,58,8750
1,59,6341
1,62,7002
1,63,9926
1,64,1774
1,65,4461
1,66,9154
1,67,6398
1,68,2411
1,69,8253
1,72,2171
1,73,7192
1,74,7228
1,75,8864
1,76,9665
1,77,5480
1,78,3329
1,79,8989
1,82,3634
1,83,557
1,84,7849
1,85,5252
1,86,3666
1,87,8964
1,88,19
1,89,7290
1,92,5631
1,93,8177
1,94,8336
1,95,8803
1,96,4597
1,97,570
1,98,5667
1,99,6649
1,101,4529
1,102,542
1,103,4779
1,104,5860
1,105,6364
1,106,1612
1,107,6516
1,108,1592
1,109,7524
1,111,7286
1,112,7746
1,113,1913
1,114,6024
1,115,3502
1,116,761
1,117,6405
1,118,194
1,119,8268
1,122,395
1,123,5067
1,124,2729
1,125,6452
1,126,9767
1,127,8286
1,128,6151
1,129,8112
2,3,7323
2,4,4527
2,5,3670
2,6,4666
2,7,2737
2,8,5456
2,9,6084
2,11,9573
2,12,2680
2,13,8877
2,14,1656
2,15,594
2,16,1045
2,17,9565
2,18,8298
2,19,5528
2,22,7087
2,23,7161
2,24,1872
2,25,2178
2,26,8621
2,27,7570
2,28,9203
2,29,5238
2,33,3040
2,34,10
2,35,8581
2,36,616
2,37,7351
2,38,3718
2,39,2366
2,43,1340
2,44,9881
2,45,9420
2,46,3098
2,47,5076
2,48,7183
2,49,2982
2,53,9558
2,54,1706
2,55,5827
2,56,2489
2,57,3016
2,58,8706
2,59,9046
2,63,1855
2,64,7131
2,65,2204
2,66,2172
2,67,8303
2,68,898
2,69,2065
2,73,8963
2,74,2392
2,75,8083
2,76,613
2,77,952
2,78,4045
2,79,6660
2,83,2913
2,84,4755
2,85,7598
2,86,7365
2,87,6168
2,88,8331
2,89,3399
2,93,7641
2,94,8058
2,95,687
2,96,1044
2,97,2230
2,98,3015
2,99,225
2,100,1643
2,101,496
2,102,7276
2,103,567
2,104,4807
2,105,5777
2,106,6268
2,107,7188
2,108,8076
2,109,8847
2,110,1770
2,111,1654
2,112,210
2,113,7933
2,114,5728
2,115,6339
2,116,9523
2,117,724
2,118,3165
2,119,7180
2,120,1862
2,121,2715
2,122,5750
2,123,9265
2,124,9405
2,125,238
2,126,8133
2,127,5735
2,128,1533
2,129,4144
3,4,933
3,5,4831
3,6,9154
3,7,9083
3,8,6848
3,9,361
3,11,1619
3,12,4083
3,13,5715
3,14,2500
3,15,9776
3,16,6029
3,17,7362
3,18,8377
3,19,8979
3,22,4732
3,23,9156
3,24,5284
3,25,376
3,26,4121
3,27,5400
3,28,1902
3,29,3500
3,33,8827
3,34,4098
3,35,9728
3,36,4128
3,37,1695
3,38,2851
3,39,643
3,44,758
3,45,5836
3,46,3485
3,47,8701
3,48,54
3,49,6460
3,54,2149
3,55,7118
3,56,1018
3,57,4743
3,58,2440
3,59,5049
3,64,8726
3,65,6364
3,66,2349
3,67,1097
3,68,5581
3,69,4272
3,74,3774
3,75,790
3,76,726
3,77,4222
3,78,3173
3,79,1936
3,84,2028
3,85,1727
3,86,9265
3,87,6352
3,88,3556
3,89,9863
3,94,6211
3,95,5667
3,96,9469
3,97,9387
3,98,1870
3,99,9213
3,100,3287
3,101,8415
3,102,9340
3,103,1053
3,104,4850
3,105,2169
3,106,1076
3,107,6398
3,108,3605
3,109,7467
3,110,9609
3,111,1948
3,112,4929
3,113,3499
3,114,1126
3,115,9296
3,116,7092
3,117,4370
3,118,9353
3,119,596
3,120,5726
3,121,2531
3,122,2839
3,123,8655
3,124,4744
3,125,2842
3,126,1141
3,127,1291
3,128,4798
3,129,3196
4,5,2558
4,6,862
4,7,3471
4,8,3648
4,9,2243
4,11,5457
4,12,8548
4,13,5095
4,14,8392
4,15,5711
4,16,7505
4,17,2157
4,18,9080
4,19,3073
4,22,9179
4,23,1580
4,24,5344
4,25,8743
4,26,8514
4,27,7135
4,28,552
4,29,7730
4,33,8411
4,34,2972
4,35,2718
4,36,5369
4,37,1259
4,38,4507
4,39,4778
4,44,3035
4,45,9851
4,46,4046
4,47,1479
4,48,1640
4,49,4719
4,55,804
4,56,2441
4,57,5365
4,58,7718
4,59,5089
4,65,8821
4,66,2437
4,67,2458
4,68,7704
4,69,6030
4,75,1405
4,76,580
4,77,3676
4,78,2508
4,79,2455
4,85,7062
4,86,4730
4,87,7528
4,88,8856
4,89,3981
4,95,1961
4,96,2215
4,97,8195
4,98,3804
4,99,2933
4,100,7936
4,101,5725
4,102,9629
4,103,7435
4,104,2210
4,105,8557
4,106,1500
4,107,5123
4,108,6029
4,109,1329
4,110,6162
4,111,9563
4,112,7616
4,113,9374
4,114,962
4,115,3819
4,116,2300
4,117,3779
4,118,9043
4,119,360
4,120,8187
4,121,9646
4,122,175
4,123,7026
4,124,689
4,125,3885
4,126,9275
4,127,3349
4,128,5625
4,129,6510
5,6,340
5,7,350
5,8,5028
5,9,9574
5,11,3824
5,12,6134
5,13,5711
5,14,7533
5,15,5384
5,16,2775
5,17,2271
5,18,7646
5,19,3154
5,22,268
5,23,3951
5,24,5285
5,25,6616
5,26,8428
5,27,4750
5,28,7495
5,29,7275
5,33,8539
5,34,5893
5,35,2956
5,36,3218
5,37,6336
5,38,7042
5,39,4462
5,44,6345
5,45,175
5,46,7205
5,47,1966
5,48,7656
5,49,4355
5,55,457
5,56,4996
5,57,6702
5,58,8996
5,59,5286
5,66,2650
5,67,9155
5,68,7209
5,69,4855
5,76,9542
5,77,8779
5,78,2486
5,79,1238
5,86,1960
5,87,8935
5,88,8594
5,89,6563
5,96,6920
5,97,7447
5,98,2856
5,99,8572
5,100,48
5,101,2519
5,102,3460
5,103,1986
5,104,8936
5,105,7848
5,106,1335
5,107,9901
5,108,3579
5,109,4870
5,110,556
5,111,3850
5,112,8442
5,113,6930
5,114,3157
5,115,3409
5,116,5798
5,117,3577
5,118,2440
5,119,3720
5,120,5199
5,121,6360
5,122,7446
5,123,937
5,124,1014
5,125,1694
5,126,699
5,127,4549
5,128,6909
5,129,9903
6,7,6464
6,8,226
6,9,6399
6,11,4251
6,12,8814
6,13,1071
6,14,3977
6,15,9996
6,16,7062
6,17,4908
6,18,9638
6,19,7974
6,22,4315
6,23,4136
6,24,8981
6,25,3216
6,26,8339
6,27,4328
6,28,910
6,29,8309
6,33,6657
6,34,6797
6,35,6178
6,36,5670
6,37,7107
6,38,3256
6,39,9282
6,44,6997
6,45,2987
6,46,2894
6,47,2773
6,48,865
6,49,8531
6,55,3076
6,56,4748
6,57,2535
6,58,4233
6,59,6782
6,66,7766
6,67,9891
6,68,1414
6,69,3544
6,77,9944
6,78,6977
6,79,3329
6,87,2146
6,88,4684
6,89,5389
6,97,5301
6,98,6850
6,99,5331
6,100,2780
6,101,993
6,102,654
6,103,5428
6,104,1869
6,105,227
6,106,1075
6,107,1224
6,108,9298
6,109,3160
6,110,8757
6,111,6930
6,112,9290
6,113,7538
6,114,4609
6,115,1296
6,116,5733
6,117,4726
6,118,4235
6,119,4781
6,120,5012
6,121,6346
6,122,3282
6,123,3239
6,124,144
6,125,2482
6,126,8498
6,127,1347
6,128,1643
6,129,6756
7,8,6826
7,9,6672
7,11,4505
7,12,8795
7,13,9117
7,14,1689
7,15,1574
7,16,4757
7,17,4797
7,18,3467
7,19,4560
7,22,525
7,23,3874
7,24,9773
7,25,6793
7,26,1252
7,27,647
7,28,5548
7,29,8629
7,33,3963
7,34,965
7,35,950
7,36,8445
7,37,8142
7,38,9905
7,39,5161
7,44,952
7,45,3994
7,46,9281
7,47,7381
7,48,6223
7,49,9021
7,55,6117
7,56,5203
7,57,1121
7,58,5312
7,59,3113
7,66,6204
7,67,1303
7,68,1989
7,69,5965
7,77,4816
7,78,5050
7,79,1279
7,88,5696
7,89,2751
7,98,508
7,99,8088
7,100,7877
7,101,8948
7,102,7240
7,103,3925
7,104,2153
7,105,5177
7,106,3837
7,107,4050
7,108,416
7,109,3314
7,110,5040
7,111,6664
7,112,7811
7,113,1460
7,114,1337
7,115,5214
7,116,7671
7,117,4220
7,118,3816
7,119,6775
7,120,9817
7,121,7017
7,122,1854
7,123,9871
7,124,4433
7,125,70
7,126,407
7,127,7826
7,128,2167
7,129,4423
8,9,2036
8,11,5279
8,12,1302
8,13,4937
8,14,1727
8,15,1315
8,16,4475
8,17,9641
8,18,6374
8,19,5747
8,22,6597
8,23,6192
8,24,4533
8,25,9210
8,26,8295
8,27,7756
8,28,6582
8,29,1463
8,33,7502
8,34,2396
8,35,5912
8,36,3262
8,37,3961
8,38,1813
8,39,8415
8,44,4488
8,45,5226
8,46,9208
8,47,8260
8,48,368
8,49,6851
8,55,7792
8,56,5016
8,57,5656
8,58,6433
8,59,5786
8,66,5913
8,67,8302
8,68,9343
8,69,5487
8,77,6459
8,78,1975
8,79,4107
8,88,7527
8,89,1913
8,99,8
8,100,3475
8,101,3580
8,102,4471
8,103,6966
8,104,2366
8,105,707
8,106,5683
8,107,6215
8,108,606
8,109,7494
8,110,8497
8,111,5933
8,112,878
8,113,9324
8,114,4641
8,115,3691
8,116,1631
8,117,1730
8,118,3918
8,119,9929
8,120,5193
8,121,5984
8,122,8078
8,123,7907
8,124,6586
8,125,3636
8,126,5278
8,127,2807
8,128,1837
8,129,1397
9,11,3006
9,12,6261
9,13,2279
9,14,5301
9,15,3888
9,16,3758
9,17,2715
9,18,2956
9,19,4543
9,22,2349
9,23,7801
9,24,7297
9,25,9850
9,26,6527
9,27,3579
9,28,881
9,29,3999
9,33,4860
9,34,1208
9,35,6135
9,36,4997
9,37,532
9,38,3168
9,39,4738
9,44,5362
9,45,9117
9,46,9663
9,47,8609
9,48,6256
9,49,4357
9,55,9583
9,56,3469
9,57,9349
9,58,8115
9,59,1486
9,66,9257
9,67,9454
9,68,1959
9,69,6635
9,77,1070
9,78,4087
9,79,6213
9,88,385
9,89,9303
9,99,3150
9,100,5778
9,101,2498
9,102,4087
9,103,2277
9,104,5211
9,105,7125
9,106,1758
9,107,9282
9,108,7633
9,109,7124
9,110,6927
9,111,6768
9,112,7743
9,113,6562
9,114,1177
9,115,7256
9,116,6405
9,117,7038
9,118,3673
9,119,2223
9,120,1342
9,121,6596
9,122,6227
9,123,4177
9,124,4504
9,125,6261
9,126,2529
9,127,5919
9,128,1872
9,129,2482
10,1,9900
10,2,2854
10,3,5340
10,4,4630
10,5,6253
10,6,1868
10,7,7799
10,8,7648
10,9,2492
10,100,3084
10,101,6167
10,102,2218
10,103,7437
10,104,1973
10,105,9405
10,106,4382
10,107,2484
10,108,354
10,109,6266
10,111,7358
10,112,4334
10,113,206
10,114,3862
10,115,3044
10,116,43
10,117,4897
10,118,4664
10,119,1469
10,120,3786
10,121,6950
10,122,6756
10,123,8235
10,124,9900
10,125,1608
10,126,8995
10,127,8275
10,128,752
10,129,4654
11,100,8830
11,101,8972
11,102,4330
11,103,9825
11,104,7705
11,105,1897
11,106,6129
11,107,7528
11,108,5360
11,109,2916
11,111,1393
11,112,2347
11,113,2630
11,114,1881
11,115,6453
11,116,3717
11,117,6791
11,118,2426
11,119,865
11,120,5805
11,121,7235
11,122,6183
11,123,3598
11,124,7442
11,125,1975
11,126,3027
11,127,9118
11,128,4958
11,129,7025
12,11,5584
12,100,760
12,101,97
12,102,5902
12,103,5263
12,104,9435
12,105,9769
12,106,2648
12,107,8232
12,108,9990
12,109,5641
12,112,6443
12,113,2152
12,114,4674
12,115,5099
12,116,4369
12,117,4648
12,118,7510
12,119,556
12,120,9544
12,121,3702
12,122,4672
12,123,4227
12,124,7953
12,125,3194
12,126,9294
12,127,896
12,128,4818
12,129,6685
13,10,6285
13,11,597
13,12,1018
13,14,1363
13,15,3368
13,16,6992
13,17,8839
13,18,4105
13,19,1148
13,20,7220
13,21,3803
13,22,2779
13,23,4985
13,24,1800
13,25,6719
13,26,6371
13,27,1632
13,28,9926
13,29,5060
13,30,8436
13,31,2509
13,32,8398
13,33,2110
13,34,2416
13,35,4338
13,36,5375
13,37,3630
13,38,4052
13,39,9597
13,40,4821
13,41,5147
13,42,3429
13,43,4818
13,44,3658
13,45,7578
13,46,4724
13,47,8025
13,48,9757
13,49,291
13,50,2704
13,51,3287
13,52,2587
13,53,5209
13,54,1687
13,55,6934
13,56,7370
13,57,8943
13,58,158
13,59,4761
13,60,9553
13,61,7584
13,62,6890
13,63,8282
13,64,9110
13,65,6199
13,66,1323
13,67,6732
13,68,6219
13,69,3713
13,70,9401
13,71,3713
13,72,6461
13,73,1029
13,74,9266
13,75,2724
13,76,9305
13,77,4905
13,78,4365
13,79,5532
13,80,184
13,81,8118
13,82,4160
13,83,4096
13,84,67
13,85,6291
13,86,9639
13,87,9517
13,88,883
13,89,3174
13,90,4614
13,91,5838
13,92,2436
13,93,9652
13,94,8575
13,95,1338
13,96,3274
13,97,1336
13,98,2429
13,99,4821
13,100,7153
13,101,1046
13,102,2238
13,103,2740
13,104,2400
13,105,8976
13,106,74
13,107,2935
13,108,6777
13,109,1943
13,110,3807
13,111,7395
13,112,7009
13,113,8670
13,114,277
13,115,6782
13,116,9326
13,117,8266
13,118,7715
13,119,917
13,120,1043
13,121,6889
13,122,369
13,123,3222
13,124,1789
13,125,751
13,126,2196
13,127,7676
13,128,1503
13,129,5720
14,10,2730
14,11,7944
14,12,31
14,15,1465
14,16,7679
14,17,9364
14,18,2411
14,19,4415
14,20,607
14,21,7708
14,22,61
14,23,6577
14,24,4227
14,25,2793
14,26,8357
14,27,6013
14,28,9002
14,29,5164
14,30,4840
14,31,805
14,32,3454
14,33,7660
14,34,9408
14,35,7134
14,36,9289
14,37,7562
14,38,6247
14,39,2320
14,40,3362
14,41,500
14,42,220
14,43,8003
14,44,9404
14,45,7892
14,46,7315
14,47,1670
14,48,2724
14,49,9162
14,50,5256
14,51,5127
14,52,2697
14,53,530
14,54,5013
14,55,3657
14,56,2407
14,57,2841
14,58,8870
14,59,8598
14,60,7305
14,61,1951
14,62,6265
14,63,8763
14,64,9826
14,65,9754
14,66,1943
14,67,4803
14,68,806
14,69,4632
14,70,9100
14,71,8680
14,72,1715
14,73,2956
14,74,9274
14,75,6504
14,76,9060
14,77,796
14,78,2845
14,79,3997
14,80,7990
14,81,3772
14,82,352
14,83,3232
14,84,707
14,85,4941
14,86,8717
14,87,5048
14,88,4789
14,89,5494
14,90,8158
14,91,1811
14,92,108
14,93,4179
14,94,2293
14,95,5145
14,96,7117
14,97,6509
14,98,8710
14,99,4054
14,100,9257
14,101,2194
14,102,9911
14,103,2881
14,104,3683
14,105,2125
14,106,3610
14,107,8096
14,108,8495
14,109,1705
14,110,6560
14,111,7443
14,112,4662
14,113,2155
14,114,720
14,115,2355
14,116,170
14,117,1177
14,118,9177
14,119,9716
14,120,9987
14,121,16
14,122,5421
14,123,416
14,124,5936
14,125,1426
14,126,7437
14,127,6280
14,128,647
14,129,1698
15,10,1448
15,11,6559
15,12,8864
15,16,9836
15,17,7216
15,18,4667
15,19,3598
15,20,8016
15,21,4263
15,22,6031
15,23,9000
15,24,993
15,25,4188
15,26,303
15,27,9772
15,28,9091
15,29,76
15,30,4480
15,31,209
15,32,1737
15,33,7695
15,34,6570
15,35,6660
15,36,6330
15,37,4878
15,38,1886
15,39,9923
15,40,5885
15,41,7021
15,42,4523
15,43,3205
15,44,725
15,45,7643
15,46,5288
15,47,5110
15,48,116
15,49,1914
15,50,438
15,51,3527
15,52,2942
15,53,8577
15,54,4295
15,55,3636
15,56,5445
15,57,8866
15,58,4154
15,59,8838
15,60,2978
15,61,738
15,62,4069
15,63,253
15,64,8851
15,65,8381
15,66,5755
15,67,7055
15,68,1687
15,69,5328
15,70,9512
15,71,5233
15,72,2197
15,73,1552
15,74,6950
15,75,7694
15,76,4245
15,77,5123
15,78,6350
15,79,7857
15,80,6010
15,81,8766
15,82,3627
15,83,1883
15,84,3420
15,85,3444
15,86,7145
15,87,5611
15,88,8276
15,89,5695
15,90,2824
15,91,6696
15,92,2271
15,93,2159
15,94,4316
15,95,9409
15,96,2034
15,97,7905
15,98,220
15,99,6529
15,100,5246
15,101,2529
15,102,3304
15,103,3252
15,104,1486
15,105,8277
15,106,9243
15,107,5875
15,108,240
15,109,1302
15,110,1576
15,111,4239
15,112,5977
15,113,6253
15,114,5298
15,115,9325
15,116,50
15,117,497
15,118,2566
15,119,6599
15,120,8860
15,121,6731
15,122,3064
15,123,8726
15,124,4724
15,125,988
15,126,7588
15,127,8718
15,128,2159
15,129,5083
16,10,5130
16,11,8518
16,12,245
16,17,649
16,18,3088
16,19,1199
16,20,4440
16,21,4465
16,22,8081
16,23,8359
16,24,5231
16,25,6147
16,26,3598
16,27,417
16,28,1607
16,29,2295
16,30,872
16,31,566
16,32,4111
16,33,3618
16,34,6119
16,35,7465
16,36,3175
16,37,1299
16,38,9708
16,39,6540
16,40,3252
16,41,6465
16,42,9066
16,43,5205
16,44,895
16,45,9315
16,46,7581
16,47,2708
16,48,3804
16,49,8787
16,50,1359
16,51,321
16,52,2849
16,53,7320
16,54,1910
16,55,6624
16,56,9854
16,57,4987
16,58,5924
16,59,7896
16,60,5928
16,61,2333
16,62,4677
16,63,4030
16,64,9860
16,65,9979
16,66,1962
16,67,6877
16,68,5019
16,69,4906
16,70,206
16,71,865
16,72,3663
16,73,4891
16,74,972
16,75,6973
16,76,1726
16,77,7107
16,78,8502
16,79,6097
16,80,5271
16,81,5199
16,82,5131
16,83,9831
16,84,8999
16,85,6874
16,86,2102
16,87,2836
16,88,4448
16,89,9575
16,90,9449
16,91,4961
16,92,9962
16,93,7443
16,94,5110
16,95,8255
16,96,9715
16,97,4679
16,98,5052
16,99,6425
16,100,9584
16,101,7151
16,102,6747
16,103,833
16,104,6645
16,105,576
16,106,6198
16,107,2312
16,108,8639
16,109,3112
16,110,7441
16,111,2541
16,112,7263
16,113,5917
16,114,7815
16,115,8902
16,116,23
16,117,4874
16,118,9895
16,119,3011
16,120,4538
16,121,8060
16,122,7858
16,123,3977
16,124,1956
16,125,3063
16,126,451
16,127,7363
16,128,280
16,129,2752
17,10,9969
17,11,9792
17,12,5440
17,18,8674
17,19,5899
17,20,7743
17,21,5623
17,22,3775
17,23,9790
17,24,3266
17,25,8409
17,26,8393
17,27,8855
17,28,8940
17,29,8121
17,30,8893
17,31,2839
17,32,4865
17,33,4847
17,34,2719
17,35,3429
17,36,2374
17,37,4826
17,38,290
17,39,9793
17,40,8472
17,41,8418
17,42,8259
17,43,4703
17,44,2356
17,45,2145
17,46,3230
17,47,5513
17,48,6280
17,49,3898
17,50,1229
17,51,318
17,52,8780
17,53,7667
17,54,4810
17,55,9587
17,56,1659
17,57,9989
17,58,7517
17,59,3395
17,60,835
17,61,2236
17,62,7740
17,63,6886
17,64,787
17,65,2174
17,66,9801
17,67,9250
17,68,4457
17,69,7865
17,70,1444
17,71,2514
17,72,9337
17,73,570
17,74,8569
17,75,7352
17,76,2428
17,77,3561
17,78,5531
17,79,1880
17,80,8907
17,81,5638
17,82,6924
17,83,8560
17,84,6793
17,85,1749
17,86,8421
17,87,876
17,88,670
17,89,6975
17,90,2939
17,91,3650
17,92,6089
17,93,4453
17,94,3484
17,95,6974
17,96,4164
17,97,9196
17,98,1647
17,99,8636
17,100,8454
17,101,5406
17,102,7893
17,103,2708
17,104,3972
17,105,4353
17,106,3703
17,107,3622
17,108,3029
17,109,6213
17,110,7465
17,111,698
17,112,5585
17,113,1552
17,114,4177
17,115,4493
17,116,5989
17,117,6519
17,118,1343
17,119,9578
17,120,8639
17,121,6264
17,122,9438
17,123,7494
17,124,325
17,125,8830
17,126,8843
17,127,8905
17,128,3769
17,129,6780
18,10,9312
18,11,6927
18,12,358
18,19,2247
18,20,9693
18,21,1074
18,22,8152
18,23,6420
18,24,3788
18,25,2557
18,26,6355
18,27,3044
18,28,3031
18,29,9235
18,30,8815
18,31,9261
18,32,2491
18,33,4423
18,34,3209
18,35,9369
18,36,6185
18,37,8508
18,38,2528
18,39,1270
18,40,472
18,41,8491
18,42,9338
18,43,5985
18,44,1774
18,45,7639
18,46,9069
18,47,1964
18,48,7667
18,49,2592
18,50,2537
18,51,3763
18,52,2787
18,53,100
18,54,6643
18,55,6313
18,56,6784
18,57,2054
18,58,4406
18,59,8759
18,60,5048
18,61,8745
18,62,6908
18,63,7017
18,64,3781
18,65,4781
18,66,9676
18,67,9045
18,68,9366
18,69,3542
18,70,5446
18,71,2594
18,72,5329
18,73,8445
18,74,8462
18,75,753
18,76,7509
18,77,6517
18,78,9044
18,79,3764
18,80,6379
18,81,1278
18,82,8854
18,83,5981
18,84,6697
18,85,250
18,86,5645
18,87,7183
18,88,1846
18,89,6908
18,90,7800
18,91,6063
18,92,4244
18,93,6171
18,94,2048
18,95,928
18,96,1309
18,97,599
18,98,1870
18,99,8161
18,100,853
18,101,9189
18,102,8004
18,103,8193
18,104,7253
18,105,1407
18,106,5559
18,107,2072
18,108,7163
18,109,6992
18,110,4076
18,111,3586
18,112,1785
18,113,8026
18,114,1386
18,115,7010
18,116,3710
18,117,438
18,118,5751
18,119,5411
18,120,2354
18,121,2890
18,122,6693
18,123,2133
18,124,9794
18,125,8593
18,126,6151
18,127,5110
18,128,2941
18,129,5673
19,10,836
19,11,5598
19,12,9496
19,20,9626
19,21,979
19,22,4576
19,23,6116
19,24,782
19,25,5274
19,26,3956
19,27,7010
19,28,4886
19,29,149
19,30,9408
19,31,621
19,32,2413
19,33,2172
19,34,5036
19,35,7316
19,36,7878
19,37,9578
19,38,7730
19,39,8672
19,40,7640
19,41,8749
19,42,7482
19,43,587
19,44,518
19,45,5398
19,46,7948
19,47,3543
19,48,6762
19,49,4599
19,50,6415
19,51,2301
19,52,4814
19,53,2303
19,54,4926
19,55,9967
19,56,2314
19,57,6236
19,58,5224
19,59,9867
19,60,5612
19,61,584
19,62,3026
19,63,7182
19,64,6841
19,65,4823
19,66,2422
19,67,1225
19,68,7324
19,69,3878
19,70,8697
19,71,1431
19,72,3433
19,73,5010
19,74,9848
19,75,5505
19,76,8648
19,77,8720
19,78,1635
19,79,7042
19,80,4468
19,81,3526
19,82,5919
19,83,8501
19,84,410
19,85,1828
19,86,9426
19,87,257
19,88,6745
19,89,2816
19,90,2813
19,91,2501
19,92,9915
19,93,6466
19,94,6054
19,95,4284
19,96,3374
19,97,5181
19,98,8079
19,99,3399
19,100,1899
19,101,4629
19,102,5116
19,103,1504
19,104,8716
19,105,6476
19,106,6388
19,107,9446
19,108,2987
19,109,6413
19,110,3007
19,111,6180
19,112,6176
19,113,6077
19,114,9003
19,115,9253
19,116,9573
19,117,7295
19,118,8359
19,119,3677
19,120,1693
19,121,2633
19,122,2813
19,123,2173
19,124,1768
19,125,6767
19,126,8321
19,127,2266
19,128,8445
19,129,1648
20,1,3929
20,2,1235
20,3,9935
20,4,9249
20,5,900
20,6,2775
20,7,2824
20,8,3818
20,9,1461
20,10,6301
20,11,768
20,12,1845
20,21,8943
20,22,7504
20,23,5880
20,24,1010
20,25,6850
20,26,6647
20,27,1925
20,28,8021
20,29,1256
20,30,1675
20,31,6875
20,32,734
20,33,4718
20,34,6326
20,35,7478
20,36,6681
20,37,2537
20,38,5056
20,39,1711
20,40,2377
20,41,4336
20,42,4301
20,43,9451
20,44,3191
20,45,1567
20,46,6984
20,47,7150
20,48,6270
20,49,8930
20,50,4854
20,51,4826
20,52,8976
20,53,9747
20,54,1252
20,55,247
20,56,3707
20,57,4765
20,58,1994
20,59,502
20,60,8604
20,61,9430
20,62,6209
20,63,6670
20,64,3002
20,65,6253
20,66,5916
20,67,1895
20,68,1333
20,69,7697
20,70,6293
20,71,8232
20,72,9746
20,73,7554
20,74,2803
20,75,8812
20,76,197
20,77,1305
20,78,2838
20,79,6342
20,80,8389
20,81,2304
20,82,2850
20,83,7611
20,84,4057
20,85,1341
20,86,8793
20,87,2994
20,88,1736
20,89,7252
20,90,5723
20,91,3541
20,92,763
20,93,3636
20,94,5547
20,95,9222
20,96,8805
20,97,4549
20,98,3533
20,99,9657
20,100,6402
20,101,2283
20,102,7059
20,103,7910
20,104,6388
20,105,9131
20,106,8626
20,107,5603
20,108,4757
20,109,8000
20,110,3895
20,111,3929
20,112,5391
20,113,9288
20,114,8111
20,115,7696
20,116,3035
20,117,3327
20,118,3311
20,119,1026
20,120,2109
20,121,1946
20,122,5228
20,123,9456
20,124,9428
20,125,5115
20,126,4618
20,127,9801
20,128,2690
20,129,9403
21,30,4778
21,31,6392
21,32,804
21,33,4149
21,34,7477
21,35,4872
21,36,6730
21,37,7059
21,38,1372
21,39,357
21,40,7514
21,41,3650
21,42,4635
21,43,6321
21,44,4154
21,45,798
21,46,6738
21,47,9171
21,48,1575
21,49,8400
21,50,5493
21,51,3913
21,52,5232
21,53,1145
21,54,5486
21,55,4938
21,56,2815
21,57,9267
21,58,3269
21,59,7604
21,60,9688
21,61,5865
21,62,526
21,63,6235
21,64,7277
21,65,7977
21,66,3685
21,67,5905
21,68,509
21,69,5159
21,70,7738
21,71,91
21,72,8309
21,73,4488
21,74,690
21,75,6477
21,76,8464
21,77,7084
21,78,4582
21,79,9183
21,80,3631
21,81,7951
21,82,8766
21,83,1281
21,84,6900
21,85,3196
21,86,8218
21,87,9440
21,88,7430
21,89,433
21,90,5995
21,91,9381
21,92,6430
21,93,9404
21,94,3362
21,95,7774
21,96,1904
21,97,3588
21,98,5040
21,99,6235
21,100,9217
21,101,2655
21,102,1735
21,103,2559
21,104,8278
21,105,7466
21,106,782
21,107,4832
21,108,3174
21,109,3219
21,110,4661
21,111,7285
21,112,8837
21,113,9719
21,114,3044
21,115,37
21,116,974
21,117,9163
21,118,6823
21,119,2051
21,120,5653
21,121,1317
21,122,8899
21,123,4428
21,124,6113
21,125,9795
21,126,4551
21,127,109
21,128,3118
21,129,9646
22,10,6258
22,11,4847
22,12,6217
22,21,2750
22,23,6345
22,24,4690
22,25,4352
22,26,8106
22,27,3168
22,28,112
22,29,57
22,30,3087
22,31,3006
22,32,4564
22,33,6345
22,34,2224
22,35,7979
22,36,4261
22,37,3924
22,38,7122
22,39,7015
22,40,5863
22,41,7368
22,42,2477
22,43,4231
22,44,1508
22,45,2441
22,46,2297
22,47,7511
22,48,8293
22,49,5904
22,50,4346
22,51,8294
22,52,2381
22,53,3369
22,54,238
22,55,3309
22,56,2994
22,57,9213
22,58,8979
22,59,3959
22,60,4364
22,61,2182
22,62,6245
22,63,6853
22,64,5042
22,65,2537
22,66,2482
22,67,7876
22,68,4608
22,69,915
22,70,1680
22,71,9721
22,72,3296
22,73,9195
22,74,9396
22,75,7352
22,76,7990
22,77,4513
22,78,2832
22,79,7681
22,80,1015
22,81,1478
22,82,2867
22,83,279
22,84,8201
22,85,6972
22,86,3034
22,87,926
22,88,3457
22,89,9422
22,90,8002
22,91,1710
22,92,7108
22,93,2555
22,94,175
22,95,3747
22,96,755
22,97,930
22,98,2473
22,99,2018
22,100,7491
22,101,6257
22,102,6492
22,103,9245
22,104,2390
22,105,983
22,106,7664
22,107,650
22,108,4342
22,109,6813
22,110,9931
22,111,9113
22,112,9205
22,113,314
22,114,3365
22,115,5695
22,116,4455
22,117,631
22,118,7411
22,119,7182
22,120,8225
22,121,450
22,122,9970
22,123,6705
22,124,4639
22,125,5052
22,126,5253
22,127,5209
22,128,9153
22,129,3865
23,10,6467
23,11,464
23,12,4839
23,21,8210
23,24,387
23,25,627
23,26,6830
23,27,2655
23,28,8503
23,29,3938
23,30,2657
23,31,141
23,32,5661
23,33,4941
23,34,1377
23,35,978
23,36,3905
23,37,8415
23,38,5627
23,39,3274
23,40,8659
23,41,620
23,42,4571
23,43,6449
23,44,4583
23,45,9915
23,46,8016
23,47,6996
23,48,7330
23,49,5046
23,50,1544
23,51,4338
23,52,8982
23,53,7590
23,54,9559
23,55,5462
23,56,6541
23,57,2621
23,58,7442
23,59,66
23,60,4991
23,61,3189
23,62,8708
23,63,1222
23,64,798
23,65,266
23,66,2783
23,67,2740
23,68,5367
23,69,5194
23,70,7356
23,71,6503
23,72,3848
23,73,490
23,74,1429
23,75,2020
23,76,6914
23,77,3981
23,78,6907
23,79,1810
23,80,5139
23,81,449
23,82,2727
23,83,772
23,84,4475
23,85,9723
23,86,32
23,87,2348
23,88,3163
23,89,8655
23,90,6477
23,91,6564
23,92,3103
23,93,3641
23,94,2670
23,95,3267
23,96,9162
23,97,5188
23,98,3158
23,99,5699
23,100,6732
23,101,4549
23,102,896
23,103,9702
23,104,1688
23,105,3954
23,106,3074
23,107,6454
23,108,2586
23,109,921
23,110,9619
23,111,5734
23,112,2809
23,113,616
23,114,5497
23,115,489
23,116,5810
23,117,3656
23,118,6450
23,119,7330
23,120,3373
23,121,2884
23,122,9176
23,123,284
23,124,5501
23,125,9061
23,126,6612
23,127,5947
23,128,4456
23,129,4782
24,10,778
24,11,6463
24,12,2424
24,21,4139
24,25,9071
24,26,8819
24,27,3422
24,28,2519
24,29,2896
24,30,4816
24,31,9536
24,32,9941
24,33,2670
24,34,6033
24,35,6055
24,36,9749
24,37,437
24,38,9867
24,39,1256
24,40,5088
24,41,4632
24,42,2983
24,43,4996
24,44,1413
24,45,7113
24,46,373
24,47,8940
24,48,267
24,49,8931
24,50,7910
24,51,6479
24,52,8872
24,53,1886
24,54,4299
24,55,2419
24,56,9755
24,57,7063
24,58,4385
24,59,415
24,60,3993
24,61,8426
24,62,1928
24,63,2339
24,64,8872
24,65,8063
24,66,8372
24,67,3509
24,68,7212
24,69,3614
24,70,1466
24,71,6491
24,72,2448
24,73,3311
24,74,1701
24,75,8650
24,76,4528
24,77,1415
24,78,8977
24,79,2589
24,80,8618
24,81,1267
24,82,4619
24,83,3795
24,84,1881
24,85,9797
24,86,391
24,87,5173
24,88,5768
24,89,2060
24,90,8271
24,91,1603
24,92,2735
24,93,3270
24,94,3366
24,95,9878
24,96,6803
24,97,7314
24,98,6069
24,99,4996
24,100,5942
24,101,9927
24,102,2048
24,103,6467
24,104,5092
24,105,6037
24,106,4179
24,107,615
24,108,3167
24,109,9950
24,110,7069
24,111,2161
24,112,4351
24,113,5365
24,114,2140
24,115,610
24,116,1118
24,117,4416
24,118,8393
24,119,6013
24,120,5485
24,121,3928
24,122,8987
24,123,7770
24,124,360
24,125,783
24,126,4755
24,127,5978
24,128,9101
24,129,1906
25,10,6275
25,11,4137
25,12,1544
25,21,3154
25,26,7699
25,27,3957
25,28,7001
25,29,855
25,30,9003
25,31,9381
25,32,1639
25,33,6810
25,34,9807
25,35,9617
25,36,4172
25,37,9343
25,38,8064
25,39,3715
25,40,6043
25,41,1327
25,42,2700
25,43,6835
25,44,5277
25,45,691
25,46,1057
25,47,6513
25,48,2317
25,49,8104
25,50,7429
25,51,1530
25,52,7081
25,53,5789
25,54,6421
25,55,7392
25,56,3044
25,57,9181
25,58,4159
25,59,3846
25,60,9444
25,61,7026
25,62,682
25,63,7182
25,64,8948
25,65,7374
25,66,9310
25,67,4431
25,68,4313
25,69,2642
25,70,8551
25,71,8700
25,72,4685
25,73,2975
25,74,9063
25,75,2304
25,76,7764
25,77,8996
25,78,5745
25,79,5795
25,80,2950
25,81,2841
25,82,306
25,83,1752
25,84,7012
25,85,3242
25,86,3364
25,87,1466
25,88,8755
25,89,545
25,90,5040
25,91,3170
25,92,7340
25,93,6515
25,94,6021
25,95,2702
25,96,5613
25,97,333
25,98,945
25,99,4370
25,100,556
25,101,6764
25,102,3717
25,103,854
25,104,6051
25,105,9463
25,106,6414
25,107,6317
25,108,1849
25,109,1742
25,110,249
25,111,5415
25,112,7757
25,113,3054
25,114,4587
25,115,7606
25,116,5759
25,117,1552
25,118,1802
25,119,5670
25,120,4659
25,121,3672
25,122,1326
25,123,5552
25,124,579
25,125,6989
25,126,8855
25,127,1390
25,128,2282
25,129,3145
26,10,7001
26,11,8284
26,12,9515
26,21,984
26,27,3545
26,28,473
26,29,5534
26,30,7309
26,31,5271
26,32,3702
26,33,3943
26,34,7478
26,35,6332
26,36,2040
26,37,9269
26,38,9644
26,39,2922
26,40,7057
26,41,5761
26,42,8928
26,43,1581
26,44,4648
26,45,8043
26,46,7749
26,47,727
26,48,3265
26,49,9837
26,50,7147
26,51,6389
26,52,1220
26,53,5859
26,54,6654
26,55,811
26,56,5691
26,57,4029
26,58,9619
26,59,4655
26,60,9341
26,61,913
26,62,1007
26,63,7415
26,64,9681
26,65,3982
26,66,4315
26,67,8400
26,68,406
26,69,6652
26,70,1781
26,71,2696
26,72,3188
26,73,6950
26,74,7220
26,75,8838
26,76,3631
26,77,9164
26,78,1907
26,79,6633
26,80,5425
26,81,2816
26,82,3620
26,83,2716
26,84,9228
26,85,3961
26,86,4405
26,87,7702
26,88,2641
26,89,6180
26,90,6726
26,91,6540
26,92,383
26,93,6433
26,94,4285
26,95,1042
26,96,2750
26,97,1071
26,98,4937
26,99,2962
26,100,8163
26,101,3524
26,102,2412
26,103,1138
26,104,9254
26,105,1757
26,106,5949
26,107,1463
26,108,253
26,109,1276
26,110,7063
26,111,6914
26,112,9564
26,113,9775
26,114,1356
26,115,6558
26,116,7489
26,117,6810
26,118,5461
26,119,5480
26,120,4131
26,121,9990
26,122,21
26,123,1323
26,124,6056
26,125,4159
26,126,7756
26,127,4136
26,128,6285
26,129,1029
27,10,3525
27,11,486
27,12,5382
27,21,9859
27,28,6892
27,29,9215
27,30,5672
27,31,6556
27,32,3660
27,33,5241
27,34,2805
27,35,1321
27,36,7349
27,37,1773
27,38,6991
27,39,9441
27,40,3966
27,41,3721
27,42,6114
27,43,5826
27,44,5458
27,45,9434
27,46,6512
27,47,4950
27,48,6236
27,49,1644
27,50,1578
27,51,9746
27,52,2573
27,53,140
27,54,2725
27,55,5735
27,56,8657
27,57,9670
27,58,2377
27,59,764
27,60,8113
27,61,3522
27,62,6264
27,63,6695
27,64,2410
27,65,4665
27,66,2102
27,67,9349
27,68,5355
27,69,1906
27,70,2627
27,71,9510
27,72,1261
27,73,7358
27,74,869
27,75,2519
27,76,149
27,77,5053
27,78,621
27,79,9226
27,80,1361
27,81,4984
27,82,3378
27,83,3686
27,84,1248
27,85,4373
27,86,1789
27,87,1891
27,88,3656
27,89,2728
27,90,1634
27,91,7221
27,92,7799
27,93,9640
27,94,4454
27,95,7345
27,96,1863
27,97,3958
27,98,380
27,99,7419
27,100,493
27,101,4546
27,102,9424
27,103,4287
27,104,3389
27,105,3665
27,106,4103
27,107,7245
27,108,1038
27,109,9426
27,110,8047
27,111,9077
27,112,1203
27,113,2288
27,114,5358
27,115,4578
27,116,3264
27,117,6862
27,118,4454
27,119,2888
27,120,5519
27,121,9131
27,122,9999
27,123,8469
27,124,489
27,125,6481
27,126,9272
27,127,4116
27,128,8003
27,129,7839
28,10,808
28,11,6546
28,12,5725
28,21,44
28,29,9920
28,30,201
28,31,5900
28,32,2249
28,33,4026
28,34,9418
28,35,4795
28,36,2512
28,37,7771
28,38,6417
28,39,395
28,40,8638
28,41,5927
28,42,9745
28,43,3543
28,44,7498
28,45,8625
28,46,1000
28,47,3883
28,48,7209
28,49,1679
28,50,5089
28,51,4412
28,52,2215
28,53,582
28,54,8720
28,55,1584
28,56,5569
28,57,4355
28,58,2528
28,59,5074
28,60,816
28,61,9442
28,62,7594
28,63,2276
28,64,121
28,65,8745
28,66,995
28,67,2778
28,68,1791
28,69,9664
28,70,8656
28,71,6332
28,72,4396
28,73,6522
28,74,4393
28,75,7673
28,76,7681
28,77,6394
28,78,1781
28,79,9040
28,80,1474
28,81,6529
28,82,8797
28,83,8982
28,84,6233
28,85,3570
28,86,9378
28,87,5484
28,88,9134
28,89,8166
28,90,1730
28,91,4912
28,92,8475
28,93,1944
28,94,8220
28,95,3204
28,96,829
28,97,3059
28,98,5109
28,99,7081
28,100,8377
28,101,7445
28,102,1241
28,103,5333
28,104,4788
28,105,7890
28,106,9716
28,107,2792
28,108,2918
28,109,2409
28,110,2514
28,111,4357
28,112,5949
28,113,5168
28,114,7556
28,115,414
28,116,956
28,117,8728
28,118,2412
28,119,7027
28,120,1277
28,121,5914
28,122,8911
28,123,582
28,124,6860
28,125,2823
28,126,8877
28,127,4526
28,128,4687
28,129,2501
29,10,4239
29,11,9740
29,12,4360
29,21,3681
29,30,4036
29,31,6434
29,32,8660
29,33,4474
29,34,4398
29,35,4351
29,36,3074
29,37,6926
29,38,5806
29,39,2186
29,40,3508
29,41,6309
29,42,9741
29,43,7576
29,44,6127
29,45,5443
29,46,9167
29,47,7512
29,48,9076
29,49,854
29,50,3274
29,51,9126
29,52,31
29,53,7698
29,54,3092
29,55,2876
29,56,5850
29,57,3509
29,58,9449
29,59,5188
29,60,6095
29,61,4429
29,62,7809
29,63,4556
29,64,9795
29,65,1499
29,66,1614
29,67,9938
29,68,3322
29,69,7165
29,70,9333
29,71,1999
29,72,1475
29,73,3434
29,74,8560
29,75,5798
29,76,5915
29,77,6349
29,78,1630
29,79,7346
29,80,647
29,81,284
29,82,1642
29,83,6865
29,84,658
29,85,817
29,86,6393
29,87,3676
29,88,5330
29,89,1691
29,90,3324
29,91,538
29,92,4471
29,93,5648
29,94,7858
29,95,2365
29,96,9038
29,97,9523
29,98,5218
29,99,7685
29,100,1459
29,101,2303
29,102,2005
29,103,7731
29,104,8170
29,105,7424
29,106,8825
29,107,1876
29,108,3033
29,109,906
29,110,8436
29,111,4778
29,112,2432
29,113,896
29,114,1082
29,115,7430
29,116,1950
29,117,1849
29,118,5074
29,119,5523
29,120,8388
29,121,5567
29,122,935
29,123,3869
29,124,9667
29,125,7802
29,126,2993
29,127,7512
29,128,7508
29,129,9645
30,1,561
30,2,3715
30,3,7900
30,4,5036
30,5,20
30,6,6505
30,7,4121
30,8,9147
30,9,8174
30,10,5197
30,11,1842
30,12,806
30,31,5030
30,32,9146
30,33,6112
30,34,693
30,35,6138
30,36,2535
30,37,1974
30,38,9118
30,39,1364
30,40,1970
30,41,7328
30,42,9923
30,43,1823
30,44,9538
30,45,7560
30,46,126
30,47,3032
30,48,2371
30,49,7633
30,50,3861
30,51,757
30,52,3509
30,53,7882
30,54,7194
30,55,2236
30,56,8830
30,57,2709
30,58,2142
30,59,3672
30,60,1518
30,61,2464
30,62,1079
30,63,3188
30,64,4566
30,65,4993
30,66,1451
30,67,5452
30,68,2017
30,69,9080
30,70,3382
30,71,9536
30,72,3258
30,73,349
30,74,5549
30,75,2301
30,76,6569
30,77,8885
30,78,9974
30,79,4877
30,80,2427
30,81,8740
30,82,4789
30,83,4456
30,84,6292
30,85,9910
30,86,2386
30,87,3477
30,88,9058
30,89,4220
30,90,9135
30,91,8278
30,92,396
30,93,9901
30,94,8717
30,95,471
30,96,7440
30,97,9413
30,98,8070
30,99,6902
30,100,4083
30,101,8573
30,102,5733
30,103,9039
30,104,7612
30,105,3681
30,106,944
30,107,1934
30,108,5901
30,109,6226
30,110,3754
30,111,1233
30,112,5966
30,113,8042
30,114,5942
30,115,3138
30,116,9861
30,117,3687
30,118,3358
30,119,1617
30,120,1194
30,121,3386
30,122,9314
30,123,6313
30,124,6691
30,125,5231
30,126,6971
30,127,6995
30,128,5298
30,129,2230
31,32,9914
31,33,9145
31,34,2062
31,35,5590
31,36,7488
31,37,913
31,38,1263
31,39,252
31,40,1978
31,41,7228
31,42,2931
31,43,3091
31,44,6506
31,45,4042
31,46,5617
31,47,7499
31,48,874
31,49,7237
31,50,8937
31,51,4735
31,52,1813
31,53,5981
31,54,215
31,55,7417
31,56,3490
31,57,9395
31,58,3079
31,59,3193
31,60,7726
31,61,400
31,62,4126
31,63,5860
31,64,3707
31,65,5401
31,66,9318
31,67,2628
31,68,1327
31,69,4886
31,70,5712
31,71,9591
31,72,6217
31,73,9390
31,74,7465
31,75,1816
31,76,7510
31,77,6289
31,78,8850
31,79,9508
31,80,1097
31,81,7618
31,82,4200
31,83,2618
31,84,1103
31,85,6348
31,86,2149
31,87,9304
31,88,2197
31,89,6437
31,90,1709
31,91,686
31,92,960
31,93,5850
31,94,1718
31,95,3302
31,96,2333
31,97,2830
31,98,5624
31,99,7061
31,100,8198
31,101,496
31,102,3870
31,103,9114
31,104,5092
31,105,8795
31,106,643
31,107,8415
31,108,2396
31,109,822
31,110,9822
31,111,4340
31,112,259
31,113,8276
31,114,9194
31,115,397
31,116,1765
31,117,8224
31,118,1871
31,119,1591
31,120,817
31,121,3965
31,122,598
31,123,2209
31,124,3967
31,125,9841
31,126,7169
31,127,3647
31,128,7899
31,129,3203
32,10,3727
32,11,5441
32,12,9073
32,33,3730
32,34,8129
32,35,479
32,36,1698
32,37,466
32,38,6653
32,39,1193
32,40,1469
32,41,3904
32,42,4462
32,43,9200
32,44,7802
32,45,6888
32,46,907
32,47,8521
32,48,2516
32,49,246
32,50,1794
32,51,8056
32,52,6411
32,53,5845
32,54,9713
32,55,8351
32,56,5759
32,57,3985
32,58,2608
32,59,7951
32,60,7938
32,61,4660
32,62,7787
32,63,2536
32,64,2552
32,65,6300
32,66,8099
32,67,7843
32,68,9761
32,69,940
32,70,60
32,71,6057
32,72,4679
32,73,1367
32,74,3269
32,75,2930
32,76,9058
32,77,1588
32,78,8583
32,79,4479
32,80,2796
32,81,8745
32,82,2997
32,83,4612
32,84,2686
32,85,3536
32,86,4137
32,87,1841
32,88,6850
32,89,2498
32,90,6338
32,91,3561
32,92,624
32,93,1341
32,94,2827
32,95,7897
32,96,2732
32,97,7572
32,98,9842
32,99,955
32,100,7038
32,101,7690
32,102,9872
32,103,4381
32,104,2202
32,105,7384
32,106,4346
32,107,793
32,108,203
32,109,2313
32,110,2862
32,111,697
32,112,3724
32,113,2001
32,114,9273
32,115,9421
32,116,2318
32,117,8088
32,118,3479
32,119,928
32,120,330
32,121,4589
32,122,6150
32,123,1996
32,124,9824
32,125,2678
32,126,1903
32,127,8440
32,128,395
32,129,199
33,10,5587
33,11,4663
33,12,1215
33,34,7628
33,35,1633
33,36,4007
33,37,2542
33,38,4750
33,39,4451
33,40,337
33,41,4667
33,42,979
33,43,1069
33,44,6159
33,45,5964
33,46,5358
33,47,9473
33,48,6149
33,49,1721
33,50,7459
33,51,761
33,52,4243
33,53,4864
33,54,3038
33,55,5993
33,56,2972
33,57,6447
33,58,9736
33,59,5851
33,60,9034
33,61,3496
33,62,3802
33,63,8563
33,64,3796
33,65,6739
33,66,8233
33,67,3292
33,68,4805
33,69,1492
33,70,8903
33,71,2418
33,72,1830
33,73,9498
33,74,9106
33,75,3395
33,76,7858
33,77,2869
33,78,2430
33,79,6698
33,80,9977
33,81,3988
33,82,324
33,83,6217
33,84,7159
33,85,5434
33,86,3119
33,87,3252
33,88,3241
33,89,8629
33,90,9546
33,91,3337
33,92,6763
33,93,324
33,94,1808
33,95,7636
33,96,8186
33,97,5779
33,98,5464
33,99,5316
33,100,5099
33,101,2677
33,102,9068
33,103,6421
33,104,7256
33,105,9347
33,106,3216
33,107,7899
33,108,8328
33,109,5521
33,110,9201
33,111,1312
33,112,3226
33,113,7086
33,114,3077
33,115,4479
33,116,2853
33,117,5008
33,118,4235
33,119,752
33,120,687
33,121,5926
33,122,6397
33,123,2689
33,124,8193
33,125,8415
33,126,5859
33,127,6004
33,128,6763
33,129,3350
34,10,9487
34,11,4157
34,12,8286
34,35,6876
34,36,7258
34,37,636
34,38,4723
34,39,8691
34,40,8440
34,41,1411
34,42,6223
34,43,8442
34,44,6609
34,45,921
34,46,4228
34,47,7488
34,48,275
34,49,3212
34,50,3682
34,51,7052
34,52,574
34,53,8535
34,54,9557
34,55,9311
34,56,5620
34,57,4827
34,58,7690
34,59,7068
34,60,1348
34,61,4639
34,62,8926
34,63,6696
34,64,4112
34,65,8263
34,66,9261
34,67,6781
34,68,861
34,69,6723
34,70,7071
34,71,9691
34,72,2732
34,73,1111
34,74,4451
34,75,8679
34,76,4630
34,77,8935
34,78,6957
34,79,9587
34,80,8975
34,81,4912
34,82,3696
34,83,2058
34,84,5648
34,85,8147
34,86,9383
34,87,7716
34,88,6981
34,89,1474
34,90,1705
34,91,4702
34,92,756
34,93,9536
34,94,3965
34,95,257
34,96,4191
34,97,7054
34,98,1062
34,99,3321
34,100,7381
34,101,3943
34,102,7427
34,103,3877
34,104,8993
34,105,7129
34,106,6043
34,107,5353
34,108,1453
34,109,1697
34,110,5173
34,111,9423
34,112,2289
34,113,910
34,114,1413
34,115,6650
34,116,8475
34,117,2741
34,118,3061
34,119,7447
34,120,394
34,121,5875
34,122,2141
34,123,3953
34,124,4267
34,125,6869
34,126,395
34,127,1664
34,128,2952
34,129,6018
35,10,6509
35,11,6437
35,12,5730
35,36,4532
35,37,6901
35,38,4625
35,39,1078
35,40,6584
35,41,2509
35,42,1991
35,43,4095
35,44,3040
35,45,5990
35,46,9635
35,47,6748
35,48,9549
35,49,9828
35,50,1617
35,51,1625
35,52,8083
35,53,571
35,54,4235
35,55,8221
35,56,2697
35,57,8245
35,58,7997
35,59,2677
35,60,7586
35,61,5068
35,62,9546
35,63,910
35,64,1699
35,65,4518
35,66,1083
35,67,4499
35,68,4828
35,69,9559
35,70,9193
35,71,4099
35,72,6048
35,73,702
35,74,9304
35,75,7155
35,76,4634
35,77,9494
35,78,2488
35,79,6403
35,80,9482
35,81,3291
35,82,5447
35,83,603
35,84,1880
35,85,7732
35,86,7463
35,87,6925
35,88,5152
35,89,4426
35,90,5439
35,91,3540
35,92,3512
35,93,1430
35,94,1188
35,95,380
35,96,629
35,97,150
35,98,3862
35,99,4692
35,100,7464
35,101,5988
35,102,9321
35,103,5028
35,104,9029
35,105,2788
35,106,1559
35,107,6604
35,108,4382
35,109,17
35,110,2524
35,111,6785
35,112,6958
35,113,8321
35,114,2788
35,115,3190
35,116,1488
35,117,5239
35,118,9726
35,119,5932
35,120,2917
35,121,9168
35,122,8409
35,123,6585
35,124,6870
35,125,6476
35,126,3537
35,127,5807
35,128,85
35,129,8943
36,10,9091
36,11,5102
36,12,4661
36,37,6776
36,38,743
36,39,3620
36,40,9829
36,41,814
36,42,4191
36,43,9639
36,44,7961
36,45,7349
36,46,6067
36,47,6102
36,48,7185
36,49,2384
36,50,1869
36,51,8508
36,52,374
36,53,6505
36,54,9245
36,55,801
36,56,8374
36,57,2336
36,58,3657
36,59,8469
36,60,4327
36,61,6
36,62,6320
36,63,9154
36,64,971
36,65,9776
36,66,1738
36,67,5357
36,68,8905
36,69,398
36,70,8500
36,71,4242
36,72,2768
36,73,7090
36,74,4218
36,75,5474
36,76,2889
36,77,4173
36,78,8912
36,79,2128
36,80,5844
36,81,2010
36,82,1164
36,83,210
36,84,785
36,85,3589
36,86,686
36,87,2775
36,88,667
36,89,4733
36,90,7972
36,91,307
36,92,813
36,93,6126
36,94,5329
36,95,7493
36,96,602
36,97,4842
36,98,7661
36,99,9382
36,100,4045
36,101,9717
36,102,2454
36,103,7139
36,104,5611
36,105,6609
36,106,7314
36,107,8095
36,108,9526
36,109,469
36,110,3080
36,111,1745
36,112,5710
36,113,2376
36,114,7934
36,115,5326
36,116,7963
36,117,4716
36,118,5133
36,119,4736
36,120,8645
36,121,919
36,122,1795
36,123,6594
36,124,9192
36,125,1309
36,126,3486
36,127,2464
36,128,5457
36,129,4557
37,10,2181
37,11,4573
37,12,9226
37,38,5274
37,39,3507
37,40,7321
37,41,6398
37,42,3976
37,43,3379
37,44,3308
37,45,3468
37,46,1812
37,47,8050
37,48,8072
37,49,6574
37,50,7383
37,51,9899
37,52,749
37,53,6523
37,54,1060
37,55,8787
37,56,2647
37,57,2563
37,58,380
37,59,2756
37,60,2296
37,61,2708
37,62,5641
37,63,9885
37,64,6017
37,65,8036
37,66,8418
37,67,7054
37,68,644
37,69,3858
37,70,6041
37,71,2873
37,72,4172
37,73,6768
37,74,3396
37,75,958
37,76,3213
37,77,4189
37,78,3723
37,79,6111
37,80,9912
37,81,6017
37,82,6790
37,83,4119
37,84,4611
37,85,9698
37,86,4838
37,87,9474
37,88,2278
37,89,609
37,90,512
37,91,8942
37,92,8511
37,93,2675
37,94,3163
37,95,1357
37,96,7220
37,97,3423
37,98,399
37,99,953
37,100,2204
37,101,4923
37,102,1653
37,103,4490
37,104,4021
37,105,5134
37,106,5783
37,107,7346
37,108,9592
37,109,5025
37,110,6834
37,111,5681
37,112,6228
37,113,4724
37,114,6112
37,115,5166
37,116,98
37,117,5331
37,118,9668
37,119,9469
37,120,475
37,121,2307
37,122,8877
37,123,2523
37,124,138
37,125,7776
37,126,5704
37,127,2584
37,128,9633
37,129,8022
38,10,1652
38,11,5030
38,12,2489
38,39,7101
38,40,9586
38,41,6199
38,42,6408
38,43,1031
38,44,444
38,45,8567
38,46,8448
38,47,9344
38,48,8108
38,49,4128
38,50,6021
38,51,4530
38,52,7646
38,53,5820
38,54,977
38,55,2366
38,56,7393
38,57,5326
38,58,5380
38,59,940
38,60,6743
38,61,491
38,62,8709
38,63,450
38,64,8881
38,65,5139
38,66,1266
38,67,7898
38,68,250
38,69,7868
38,70,1620
38,71,8360
38,72,126
38,73,5176
38,74,3025
38,75,9956
38,76,4868
38,77,4712
38,78,6502
38,79,6579
38,80,1111
38,81,2112
38,82,2963
38,83,7741
38,84,5028
38,85,3377
38,86,8938
38,87,2260
38,88,6389
38,89,6254
38,90,960
38,91,3081
38,92,5817
38,93,4607
38,94,5756
38,95,2789
38,96,963
38,97,8373
38,98,2199
38,99,6114
38,100,8467
38,101,30
38,102,1330
38,103,4350
38,104,2167
38,105,7653
38,106,3871
38,107,9711
38,108,2827
38,109,506
38,110,3105
38,111,690
38,112,313
38,113,3798
38,114,9598
38,115,1475
38,116,9624
38,117,8105
38,118,5697
38,119,6912
38,120,5002
38,121,810
38,122,6682
38,123,3205
38,124,2867
38,125,6950
38,126,5539
38,127,2327
38,128,1642
38,129,1895
39,10,7223
39,11,4712
39,12,3159
39,40,664
39,41,6075
39,42,5362
39,43,1229
39,44,3081
39,45,3981
39,46,2324
39,47,4482
39,48,7223
39,49,1073
39,50,5871
39,51,8636
39,52,6653
39,53,5015
39,54,6972
39,55,663
39,56,1145
39,57,9176
39,58,8040
39,59,8433
39,60,3816
39,61,4618
39,62,1910
39,63,7409
39,64,3166
39,65,8995
39,66,3533
39,67,148
39,68,7691
39,69,3493
39,70,3970
39,71,1744
39,72,301
39,73,943
39,74,550
39,75,7176
39,76,4988
39,77,5951
39,78,1467
39,79,147
39,80,448
39,81,6264
39,82,3444
39,83,9999
39,84,6114
39,85,9191
39,86,5198
39,87,7432
39,88,7935
39,89,1167
39,90,8981
39,91,8787
39,92,1947
39,93,444
39,94,4418
39,95,3712
39,96,7463
39,97,6308
39,98,4853
39,99,2239
39,100,6609
39,101,182
39,102,2650
39,103,7058
39,104,2637
39,105,6143
39,106,1155
39,107,9283
39,108,543
39,109,2624
39,110,2273
39,111,8814
39,112,8924
39,113,339
39,114,3344
39,115,4125
39,116,1521
39,117,4833
39,118,5609
39,119,303
39,120,2298
39,121,9516
39,122,9912
39,123,1701
39,124,7568
39,125,8717
39,126,9225
39,127,3417
39,128,2236
39,129,7512
40,1,6766
40,2,6166
40,3,3020
40,4,6461
40,5,7454
40,6,7892
40,7,2844
40,8,6211
40,9,494
40,10,1745
40,11,1200
40,12,5966
40,41,5857
40,42,9278
40,43,1040
40,44,8381
40,45,4804
40,46,5196
40,47,3695
40,48,5026
40,49,5072
40,50,1761
40,51,8631
40,52,7389
40,53,7335
40,54,129
40,55,6086
40,56,1952
40,57,4304
40,58,9089
40,59,6293
40,60,162
40,61,978
40,62,690
40,63,6589
40,64,648
40,65,9648
40,66,9048
40,67,6599
40,68,2548
40,69,579
40,70,2203
40,71,7050
40,72,2925
40,73,7302
40,74,2336
40,75,7151
40,76,5005
40,77,4264
40,78,9188
40,79,3948
40,80,3072
40,81,887
40,82,6675
40,83,3063
40,84,5092
40,85,3377
40,86,3669
40,87,492
40,88,3757
40,89,286
40,90,9929
40,91,6175
40,92,6610
40,93,4054
40,94,3724
40,95,5855
40,96,4357
40,97,6069
40,98,3813
40,99,6846
40,100,8556
40,101,1008
40,102,1822
40,103,8884
40,104,8224
40,105,157
40,106,2576
40,107,6405
40,108,4202
40,109,4986
40,110,6546
40,111,2052
40,112,3390
40,113,6536
40,114,5594
40,115,7026
40,116,4377
40,117,6604
40,118,2921
40,119,1290
40,120,8741
40,121,6251
40,122,4619
40,123,1110
40,124,4858
40,125,9998
40,126,295
40,127,3181
40,128,7720
40,129,4560
41,42,3698
41,43,8266
41,44,7384
41,45,9258
41,46,4634
41,47,8632
41,48,7849
41,49,2549
41,50,3967
41,51,3258
41,52,9082
41,53,7587
41,54,5565
41,55,4760
41,56,1896
41,57,375
41,58,1271
41,59,6916
41,60,9158
41,61,1642
41,62,9701
41,63,6214
41,64,6491
41,65,8743
41,66,7335
41,67,5642
41,68,6646
41,69,9175
41,70,2131
41,71,2594
41,72,9818
41,73,7429
41,74,657
41,75,9101
41,76,8682
41,77,8601
41,78,7802
41,79,3985
41,80,2843
41,81,1876
41,82,7820
41,83,6621
41,84,5738
41,85,3967
41,86,9481
41,87,6351
41,88,6163
41,89,6095
41,90,929
41,91,3093
41,92,6408
41,93,4398
41,94,2615
41,95,7286
41,96,6043
41,97,8609
41,98,9899
41,99,72
41,100,4955
41,101,4345
41,102,4197
41,103,2454
41,104,7200
41,105,9199
41,106,8996
41,107,1189
41,108,5035
41,109,1232
41,110,2961
41,111,3619
41,112,9689
41,113,8370
41,114,5670
41,115,4118
41,116,3963
41,117,3052
41,118,6553
41,119,9516
41,120,6098
41,121,2928
41,122,6340
41,123,3503
41,124,984
41,125,6762
41,126,1993
41,127,8480
41,128,1285
41,129,6673
42,10,5189
42,11,7040
42,12,4626
42,43,6724
42,44,2067
42,45,9466
42,46,1676
42,47,4476
42,48,8439
42,49,4591
42,50,5225
42,51,6777
42,52,845
42,53,1812
42,54,276
42,55,2825
42,56,2734
42,57,714
42,58,955
42,59,9977
42,60,8056
42,61,6929
42,62,8478
42,63,4158
42,64,5725
42,65,5626
42,66,6092
42,67,6243
42,68,7916
42,69,6025
42,70,9282
42,71,4830
42,72,2832
42,73,2947
42,74,1063
42,75,2355
42,76,5929
42,77,5692
42,78,9874
42,79,7794
42,80,7200
42,81,5722
42,82,7776
42,83,4969
42,84,6963
42,85,7129
42,86,901
42,87,7933
42,88,8181
42,89,7189
42,90,5488
42,91,3867
42,92,2739
42,93,4101
42,94,9845
42,95,985
42,96,5544
42,97,5207
42,98,8974
42,99,3226
42,100,1958
42,101,9595
42,102,8865
42,103,4182
42,104,3576
42,105,8598
42,106,383
42,107,6559
42,108,757
42,109,6916
42,110,5371
42,111,692
42,112,3472
42,113,6328
42,114,1981
42,115,1800
42,116,4794
42,117,880
42,118,1960
42,119,2668
42,120,3292
42,121,5692
42,122,2056
42,123,4619
42,124,1001
42,125,5623
42,126,7867
42,127,1010
42,128,1606
42,129,1045
43,10,6491
43,11,7654
43,12,6422
43,44,5247
43,45,3661
43,46,7803
43,47,6592
43,48,3659
43,49,2169
43,50,7207
43,51,8570
43,52,4322
43,53,8930
43,54,7324
43,55,8423
43,56,5380
43,57,2357
43,58,1171
43,59,1273
43,60,8869
43,61,6373
43,62,8992
43,63,4410
43,64,3742
43,65,7265
43,66,3349
43,67,8703
43,68,9150
43,69,4322
43,70,2481
43,71,5117
43,72,9573
43,73,671
43,74,2627
43,75,853
43,76,8551
43,77,4624
43,78,6607
43,79,9816
43,80,157
43,81,3145
43,82,2606
43,83,6975
43,84,2320
43,85,1886
43,86,2871
43,87,8870
43,88,67
43,89,1271
43,90,5780
43,91,2235
43,92,2215
43,93,9792
43,94,4985
43,95,684
43,96,816
43,97,1123
43,98,8531
43,99,9177
43,100,4322
43,101,3247
43,102,4706
43,103,8466
43,104,3704
43,105,9157
43,106,4858
43,107,7232
43,108,627
43,109,7854
43,110,6609
43,111,5490
43,112,2219
43,113,6152
43,114,9662
43,115,8672
43,116,3821
43,117,6628
43,118,2202
43,119,4333
43,120,4738
43,121,6649
43,122,7656
43,123,7456
43,124,7625
43,125,2864
43,126,7994
43,127,2213
43,128,4580
43,129,1966
44,10,2233
44,11,2209
44,12,6048
44,45,4246
44,46,343
44,47,8375
44,48,1497
44,49,8022
44,50,1432
44,51,8622
44,52,8657
44,53,2913
44,54,5464
44,55,5031
44,56,7323
44,57,813
44,58,2167
44,59,9822
44,60,6723
44,61,8274
44,62,1809
44,63,4630
44,64,2933
44,65,6146
44,66,507
44,67,4466
44,68,8754
44,69,1628
44,70,9307
44,71,4625
44,72,4686
44,73,1966
44,74,6378
44,75,5971
44,76,4153
44,77,5144
44,78,5196
44,79,7884
44,80,255
44,81,8235
44,82,744
44,83,9367
44,84,1345
44,85,2021
44,86,159
44,87,1100
44,88,5601
44,89,9800
44,90,1456
44,91,6915
44,92,7211
44,93,104
44,94,5690
44,95,8295
44,96,3396
44,97,7506
44,98,2314
44,99,9458
44,100,7301
44,101,7044
44,102,6245
44,103,342
44,104,1797
44,105,7973
44,106,5605
44,107,9953
44,108,4913
44,109,2431
44,110,1123
44,111,7073
44,112,6999
44,113,2760
44,114,8307
44,115,6326
44,116,6908
44,117,5391
44,118,7144
44,119,8633
44,120,2152
44,121,2980
44,122,4763
44,123,7551
44,124,6560
44,125,4608
44,126,1142
44,127,5716
44,128,3779
44,129,4855
45,10,5868
45,11,339
45,12,9861
45,46,3173
45,47,5195
45,48,810
45,49,8905
45,50,1877
45,51,2494
45,52,9669
45,53,2894
45,54,5857
45,55,778
45,56,3752
45,57,5990
45,58,4699
45,59,9709
45,60,1454
45,61,5801
45,62,4017
45,63,6665
45,64,2401
45,65,7600
45,66,7415
45,67,2777
45,68,1240
45,69,9504
45,70,8107
45,71,5838
45,72,7956
45,73,9041
45,74,268
45,75,4600
45,76,3803
45,77,4174
45,78,3726
45,79,8670
45,80,8623
45,81,1898
45,82,3430
45,83,997
45,84,3968
45,85,9063
45,86,1704
45,87,7824
45,88,6170
45,89,99
45,90,7657
45,91,8535
45,92,4143
45,93,8105
45,94,2573
45,95,6711
45,96,5803
45,97,4584
45,98,4391
45,99,3769
45,100,9077
45,101,505
45,102,7173
45,103,2549
45,104,1300
45,105,2361
45,106,9850
45,107,3877
45,108,1100
45,109,1625
45,110,9924
45,111,4368
45,112,1000
45,113,7623
45,114,1631
45,115,9559
45,116,4914
45,117,5485
45,118,4145
45,119,2187
45,120,1040
45,121,3761
45,122,5231
45,123,8873
45,124,2259
45,125,5253
45,126,2694
45,127,7063
45,128,9476
45,129,9942
46,10,8578
46,11,553
46,12,9898
46,47,9485
46,48,2382
46,49,367
46,50,3655
46,51,3474
46,52,5200
46,53,8769
46,54,2262
46,55,7860
46,56,9158
46,57,4815
46,58,3828
46,59,6687
46,60,1826
46,61,3234
46,62,5870
46,63,3836
46,64,9338
46,65,9038
46,66,3787
46,67,3905
46,68,3411
46,69,438
46,70,6003
46,71,5676
46,72,8342
46,73,2519
46,74,1347
46,75,4807
46,76,2839
46,77,694
46,78,5520
46,79,86
46,80,4702
46,81,9109
46,82,1023
46,83,5160
46,84,6281
46,85,4233
46,86,2641
46,87,2594
46,88,3709
46,89,6170
46,90,8514
46,91,388
46,92,850
46,93,997
46,94,1477
46,95,6652
46,96,9521
46,97,2667
46,98,8536
46,99,938
46,100,5506
46,101,2922
46,102,8397
46,103,7623
46,104,8390
46,105,4585
46,106,2166
46,107,3506
46,108,1191
46,109,6224
46,110,7781
46,111,527
46,112,9117
46,113,3267
46,114,9575
46,115,6217
46,116,9324
46,117,3149
46,118,1206
46,119,5105
46,120,2978
46,121,6249
46,122,1516
46,123,8260
46,124,1894
46,125,5244
46,126,4102
46,127,2691
46,128,8158
46,129,9838
47,10,1658
47,11,2202
47,12,7227
47,48,1683
47,49,6902
47,50,6959
47,51,7433
47,52,9852
47,53,3599
47,54,5969
47,55,9318
47,56,928
47,57,6722
47,58,2346
47,59,1920
47,60,4237
47,61,3836
47,62,7191
47,63,14
47,64,4361
47,65,9119
47,66,4635
47,67,3306
47,68,6375
47,69,5331
47,70,1541
47,71,9995
47,72,9474
47,73,771
47,74,8288
47,75,8478
47,76,9039
47,77,975
47,78,5268
47,79,1638
47,80,3083
47,81,3925
47,82,3728
47,83,1408
47,84,8679
47,85,3503
47,86,7504
47,87,84
47,88,2682
47,89,3345
47,90,8504
47,91,3476
47,92,5657
47,93,1701
47,94,7293
47,95,9577
47,96,494
47,97,7660
47,98,2365
47,99,7376
47,100,3363
47,101,5908
47,102,5897
47,103,2501
47,104,4159
47,105,2841
47,106,828
47,107,9795
47,108,9492
47,109,6089
47,110,3914
47,111,3129
47,112,1560
47,113,4875
47,114,5566
47,115,9203
47,116,4454
47,117,6196
47,118,6194
47,119,2431
47,120,7039
47,121,8403
47,122,4758
47,123,5360
47,124,2006
47,125,286
47,126,2626
47,127,3618
47,128,2468
47,129,6957
48,10,7123
48,11,5978
48,12,8374
48,49,82
48,50,3858
48,51,3268
48,52,9345
48,53,1515
48,54,7304
48,55,2260
48,56,4140
48,57,4649
48,58,9331
48,59,4057
48,60,7044
48,61,3001
48,62,6519
48,63,4366
48,64,2400
48,65,6225
48,66,2580
48,67,8923
48,68,2996
48,69,7838
48,70,1335
48,71,6093
48,72,4617
48,73,2028
48,74,99
48,75,1551
48,76,3113
48,77,2280
48,78,9868
48,79,9307
48,80,430
48,81,2651
48,82,6944
48,83,6146
48,84,6394
48,85,8612
48,86,7335
48,87,7875
48,88,1814
48,89,3913
48,90,6450
48,91,2734
48,92,1868
48,93,1531
48,94,2607
48,95,4088
48,96,3037
48,97,902
48,98,3866
48,99,9221
48,100,4706
48,101,1374
48,102,2060
48,103,497
48,104,3153
48,105,7155
48,106,8648
48,107,9992
48,108,5519
48,109,4182
48,110,5269
48,111,8105
48,112,812
48,113,4071
48,114,1339
48,115,3232
48,116,2448
48,117,392
48,118,7572
48,119,9198
48,120,6163
48,121,3399
48,122,6723
48,123,1076
48,124,2768
48,125,7223
48,126,7637
48,127,9543
48,128,1302
48,129,6176
49,10,6677
49,11,7084
49,12,3598
49,50,9272
49,51,7785
49,52,4628
49,53,7269
49,54,4791
49,55,6273
49,56,260
49,57,5440
49,58,2625
49,59,9024
49,60,9746
49,61,7072
49,62,6241
49,63,8073
49,64,140
49,65,3476
49,66,9469
49,67,8559
49,68,6777
49,69,8265
49,70,3809
49,71,3822
49,72,3852
49,73,85
49,74,83
49,75,8701
49,76,9657
49,77,8869
49,78,7687
49,79,6679
49,80,2138
49,81,6142
49,82,649
49,83,9600
49,84,3814
49,85,5332
49,86,7740
49,87,8468
49,88,3704
49,89,3754
49,90,1685
49,91,7605
49,92,7863
49,93,5947
49,94,7659
49,95,9784
49,96,7176
49,97,7099
49,98,5296
49,99,8313
49,100,7429
49,101,2696
49,102,1923
49,103,5496
49,104,1435
49,105,4110
49,106,3629
49,107,2589
49,108,9929
49,109,4988
49,110,6279
49,111,8172
49,112,5402
49,113,8304
49,114,5546
49,115,4487
49,116,9845
49,117,5362
49,118,2130
49,119,1669
49,120,2142
49,121,7245
49,122,5347
49,123,2554
49,124,2469
49,125,9039
49,126,5404
49,127,7448
49,128,7499
49,129,4644
50,1,6997
50,2,1520
50,3,8799
50,4,8839
50,5,5148
50,6,3325
50,7,5231
50,8,1102
50,9,3650
50,10,5094
50,11,9872
50,12,5884
50,51,8060
50,52,4278
50,53,2800
50,54,7230
50,55,8439
50,56,8092
50,57,5216
50,58,6477
50,59,4792
50,60,3333
50,61,1412
50,62,255
50,63,3675
50,64,4936
50,65,8906
50,66,1631
50,67,6525
50,68,8000
50,69,8664
50,70,5839
50,71,2756
50,72,6026
50,73,8539
50,74,6605
50,75,1594
50,76,6272
50,77,9924
50,78,8148
50,79,9710
50,80,9072
50,81,505
50,82,122
50,83,9219
50,84,3041
50,85,6436
50,86,6947
50,87,6501
50,88,3948
50,89,2411
50,90,5945
50,91,8370
50,92,1447
50,93,6925
50,94,719
50,95,3961
50,96,2760
50,97,3868
50,98,4447
50,99,9993
50,100,8951
50,101,2772
50,102,9705
50,103,2839
50,104,3015
50,105,6209
50,106,4569
50,107,7689
50,108,2559
50,109,8557
50,110,8859
50,111,8753
50,112,1073
50,113,9776
50,114,2271
50,115,4582
50,116,9968
50,117,9063
50,118,4093
50,119,921
50,120,1778
50,121,3277
50,122,2834
50,123,1591
50,124,3057
50,125,7802
50,126,3940
50,127,5667
50,128,7812
50,129,6092
51,52,1270
51,53,6575
51,54,3642
51,55,6240
51,56,2993
51,57,347
51,58,3859
51,59,8747
51,60,4629
51,61,5520
51,62,1296
51,63,1201
51,64,6516
51,65,6746
51,66,7606
51,67,4524
51,68,5856
51,69,2692
51,70,5297
51,71,7456
51,72,2486
51,73,632
51,74,9213
51,75,5351
51,76,9827
51,77,5120
51,78,3411
51,79,7813
51,80,1587
51,81,317
51,82,6910
51,83,7217
51,84,6773
51,85,4435
51,86,1154
51,87,7994
51,88,4642
51,89,8094
51,90,9025
51,91,2587
51,92,8399
51,93,6903
51,94,1320
51,95,5303
51,96,2140
51,97,3172
51,98,9987
51,99,1687
51,100,5858
51,101,6165
51,102,5734
51,103,8441
51,104,5218
51,105,7172
51,106,6802
51,107,5486
51,108,4549
51,109,5855
51,110,7975
51,111,8938
51,112,3285
51,113,1994
51,114,2110
51,115,5912
51,116,7803
51,117,5428
51,118,7014
51,119,2340
51,120,8710
51,121,594
51,122,6271
51,123,2505
51,124,9165
51,125,1836
51,126,5722
51,127,7380
51,128,9129
51,129,6356
52,10,8313
52,11,2344
52,12,5617
52,53,1274
52,54,9573
52,55,1080
52,56,5786
52,57,2157
52,58,9627
52,59,5377
52,60,6041
52,61,5791
52,62,4769
52,63,8818
52,64,7450
52,65,8214
52,66,2902
52,67,1856
52,68,9017
52,69,5335
52,70,6663
52,71,5191
52,72,8123
52,73,1103
52,74,2511
52,75,4113
52,76,8491
52,77,6582
52,78,9366
52,79,617
52,80,8861
52,81,2961
52,82,1543
52,83,4407
52,84,7633
52,85,6695
52,86,8164
52,87,3120
52,88,9235
52,89,9784
52,90,8120
52,91,674
52,92,4321
52,93,199
52,94,3032
52,95,7326
52,96,5287
52,97,3196
52,98,4577
52,99,8881
52,100,1126
52,101,8464
52,102,4700
52,103,4044
52,104,6251
52,105,3806
52,106,9120
52,107,7407
52,108,8698
52,109,5227
52,110,7602
52,111,425
52,112,2919
52,113,9653
52,114,1592
52,115,9918
52,116,4080
52,117,906
52,118,9598
52,119,5804
52,120,4428
52,121,5839
52,122,8846
52,123,69
52,124,7110
52,125,745
52,126,1493
52,127,4563
52,128,1671
52,129,949
53,10,5400
53,11,1016
53,12,5054
53,54,6771
53,55,8665
53,56,8183
53,57,5539
53,58,6476
53,59,9771
53,60,9494
53,61,6193
53,62,3753
53,63,1074
53,64,5328
53,65,5870
53,66,5650
53,67,6024
53,68,8222
53,69,7360
53,70,966
53,71,9629
53,72,2650
53,73,4663
53,74,9511
53,75,8948
53,76,2822
53,77,9236
53,78,5954
53,79,378
53,80,555
53,81,4971
53,82,697
53,83,4407
53,84,1528
53,85,5294
53,86,7065
53,87,8375
53,88,5223
53,89,502
53,90,5251
53,91,820
53,92,2939
53,93,1483
53,94,4059
53,95,1610
53,96,9694
53,97,8951
53,98,9980
53,99,8450
53,100,3839
53,101,7699
53,102,9800
53,103,6041
53,104,6644
53,105,611
53,106,9323
53,107,819
53,108,6653
53,109,3232
53,110,9960
53,111,6359
53,112,1016
53,113,3341
53,114,4011
53,115,3576
53,116,4499
53,117,7481
53,118,3345
53,119,4290
53,120,6984
53,121,61
53,122,5274
53,123,4169
53,124,991
53,125,2372
53,126,3384
53,127,1122
53,128,7958
53,129,9104
54,10,8035
54,11,7159
54,12,2823
54,55,169
54,56,9287
54,57,4416
54,58,8183
54,59,9158
54,60,3060
54,61,5515
54,62,8813
54,63,2907
54,64,7295
54,65,5433
54,66,4592
54,67,949
54,68,7243
54,69,930
54,70,2055
54,71,439
54,72,3328
54,73,80
54,74,178
54,75,6819
54,76,1834
54,77,2968
54,78,9968
54,79,6464
54,80,3800
54,81,7114
54,82,3366
54,83,8205
54,84,7297
54,85,1536
54,86,9423
54,87,3553
54,88,5743
54,89,5919
54,90,1143
54,91,1418
54,92,5363
54,93,3414
54,94,326
54,95,1747
54,96,1498
54,97,518
54,98,8475
54,99,8711
54,100,8027
54,101,8919
54,102,8153
54,103,4683
54,104,3465
54,105,7982
54,106,3122
54,107,198
54,108,4188
54,109,1937
54,110,4942
54,111,100
54,112,9181
54,113,8786
54,114,1840
54,115,7426
54,116,1626
54,117,1746
54,118,2440
54,119,7689
54,120,3546
54,121,7075
54,122,4603
54,123,1550
54,124,9741
54,125,2193
54,126,5040
54,127,2145
54,128,7174
54,129,2568
55,10,451
55,11,5963
55,12,3417
55,56,3878
55,57,553
55,58,9638
55,59,2190
55,60,1305
55,61,8490
55,62,9874
55,63,8266
55,64,1572
55,65,6974
55,66,8126
55,67,5172
55,68,2117
55,69,6463
55,70,3667
55,71,5057
55,72,9164
55,73,9346
55,74,2743
55,75,758
55,76,1066
55,77,926
55,78,5708
55,79,5915
55,80,5454
55,81,6334
55,82,8097
55,83,8309
55,84,7936
55,85,7857
55,86,8519
55,87,9654
55,88,1536
55,89,3382
55,90,4567
55,91,1098
55,92,2563
55,93,819
55,94,9697
55,95,7101
55,96,601
55,97,3659
55,98,470
55,99,9076
55,100,2153
55,101,7088
55,102,2073
55,103,9790
55,104,2025
55,105,3992
55,106,8929
55,107,9734
55,108,7259
55,109,9277
55,110,7859
55,111,4507
55,112,8691
55,113,768
55,114,836
55,115,7736
55,116,9396
55,117,8114
55,118,8036
55,119,1755
55,120,6605
55,121,4342
55,122,7540
55,123,3740
55,124,1800
55,125,3579
55,126,7638
55,127,7805
55,128,6822
55,129,1481
56,10,5834
56,11,9170
56,12,1615
56,57,2244
56,58,1845
56,59,9900
56,60,4500
56,61,4950
56,62,4478
56,63,4633
56,64,832
56,65,6418
56,66,3565
56,67,9284
56,68,5806
56,69,4615
56,70,2042
56,71,1597
56,72,4916
56,73,4653
56,74,5257
56,75,22
56,76,63
56,77,3886
56,78,4541
56,79,833
56,80,4243
56,81,6669
56,82,6462
56,83,7077
56,84,3487
56,85,177
56,86,6552
56,87,5042
56,88,9831
56,89,6905
56,90,9173
56,91,4543
56,92,2299
56,93,2149
56,94,3552
56,95,1681
56,96,6195
56,97,210
56,98,4634
56,99,2858
56,100,9164
56,101,7514
56,102,3531
56,103,1688
56,104,1846
56,105,8710
56,106,7532
56,107,6915
56,108,6135
56,109,2056
56,110,6787
56,111,3364
56,112,7518
56,113,1494
56,114,1255
56,115,3101
56,116,3655
56,117,1828
56,118,7747
56,119,2476
56,120,1403
56,121,6610
56,122,5393
56,123,3704
56,124,6368
56,125,2536
56,126,4232
56,127,1490
56,128,6716
56,129,8829
57,10,955
57,11,9014
57,12,3584
57,58,6334
57,59,3722
57,60,6748
57,61,1090
57,62,1305
57,63,3334
57,64,5559
57,65,4594
57,66,7104
57,67,2736
57,68,818
57,69,1053
57,70,6619
57,71,8276
57,72,6922
57,73,9317
57,74,9274
57,75,9886
57,76,5197
57,77,3083
57,78,4845
57,79,8224
57,80,8131
57,81,9161
57,82,8005
57,83,6127
57,84,6590
57,85,2652
57,86,9571
57,87,8947
57,88,3426
57,89,6510
57,90,9134
57,91,6044
57,92,7815
57,93,5201
57,94,8411
57,95,820
57,96,450
57,97,18
57,98,5270
57,99,8700
57,100,7322
57,101,532
57,102,2927
57,103,370
57,104,7
57,105,3228
57,106,9713
57,107,2941
57,108,2823
57,109,9683
57,110,7918
57,111,1834
57,112,5725
57,113,71
57,114,5061
57,115,8168
57,116,7997
57,117,9405
57,118,8153
57,119,2630
57,120,8327
57,121,9596
57,122,1765
57,123,4882
57,124,1869
57,125,3875
57,126,2219
57,127,1813
57,128,3910
57,129,7
58,10,5922
58,11,8212
58,12,3691
58,59,9064
58,60,5711
58,61,5574
58,62,1050
58,63,3549
58,64,2805
58,65,3509
58,66,6413
58,67,2723
58,68,2103
58,69,1390
58,70,9880
58,71,1563
58,72,5052
58,73,1998
58,74,2765
58,75,2545
58,76,8080
58,77,1367
58,78,4824
58,79,3166
58,80,7590
58,81,9140
58,82,3971
58,83,2126
58,84,5219
58,85,5119
58,86,2209
58,87,3823
58,88,5085
58,89,2367
58,90,6343
58,91,5456
58,92,5462
58,93,170
58,94,1373
58,95,3929
58,96,3914
58,97,4511
58,98,3107
58,99,8123
58,100,720
58,101,278
58,102,8472
58,103,9742
58,104,6387
58,105,6847
58,106,398
58,107,3948
58,108,8854
58,109,4708
58,110,7618
58,111,3171
58,112,6937
58,113,5216
58,114,6264
58,115,9652
58,116,2211
58,117,9442
58,118,2642
58,119,241
58,120,3728
58,121,4940
58,122,6685
58,123,589
58,124,4622
58,125,7242
58,126,4198
58,127,4401
58,128,9325
58,129,5499
59,10,3131
59,11,36
59,12,101
59,60,9335
59,61,5519
59,62,7616
59,63,8203
59,64,4680
59,65,9425
59,66,8642
59,67,3790
59,68,5455
59,69,6470
59,70,7841
59,71,3642
59,72,3097
59,73,8219
59,74,2945
59,75,6700
59,76,8106
59,77,3752
59,78,2369
59,79,9831
59,80,1110
59,81,556
59,82,3825
59,83,8736
59,84,8282
59,85,2028
59,86,7183
59,87,1354
59,88,4702
59,89,8964
59,90,3299
59,91,1729
59,92,9992
59,93,8056
59,94,4002
59,95,5724
59,96,3773
59,97,1673
59,98,2428
59,99,3294
59,100,2119
59,101,5035
59,102,7588
59,103,5121
59,104,522
59,105,3283
59,106,1233
59,107,9352
59,108,2494
59,109,8932
59,110,7498
59,111,6607
59,112,7469
59,113,2771
59,114,5780
59,115,6374
59,116,1170
59,117,2882
59,118,5673
59,119,7236
59,120,4932
59,121,9885
59,122,6245
59,123,6605
59,124,7330
59,125,7802
59,126,4678
59,127,6248
59,128,814
59,129,4509
60,1,9069
60,2,4028
60,3,5636
60,4,1889
60,5,1876
60,6,7046
60,7,6018
60,8,1895
60,9,4485
60,10,8929
60,11,6900
60,12,2749
60,61,8464
60,62,8690
60,63,9114
60,64,8069
60,65,2323
60,66,903
60,67,5386
60,68,1645
60,69,4052
60,70,2180
60,71,6412
60,72,8802
60,73,9993
60,74,6561
60,75,3203
60,76,6643
60,77,314
60,78,7018
60,79,1142
60,80,2149
60,81,1086
60,82,57
60,83,6018
60,84,7124
60,85,10
60,86,6307
60,87,9459
60,88,2825
60,89,6527
60,90,1478
60,91,7958
60,92,512
60,93,4862
60,94,1413
60,95,33
60,96,5105
60,97,93
60,98,8729
60,99,6197
60,100,5572
60,101,5036
60,102,7601
60,103,207
60,104,5850
60,105,6758
60,106,2486
60,107,458
60,108,2786
60,109,9393
60,110,8653
60,111,1729
60,112,8421
60,113,2214
60,114,4712
60,115,4924
60,116,8319
60,117,1356
60,118,1546
60,119,5075
60,120,4073
60,121,5603
60,122,753
60,123,1443
60,124,1769
60,125,6963
60,126,6239
60,127,7797
60,128,3939
60,129,1716
61,62,8766
61,63,1004
61,64,3343
61,65,7918
61,66,4833
61,67,6346
61,68,1685
61,69,7891
61,70,4037
61,71,5953
61,72,7566
61,73,2638
61,74,3601
61,75,6159
61,76,2453
61,77,8745
61,78,3967
61,79,229
61,80,8007
61,81,6154
61,82,2900
61,83,9386
61,84,4076
61,85,6399
61,86,3138
61,87,4743
61,88,758
61,89,6141
61,90,2993
61,91,9663
61,92,3283
61,93,7511
61,94,8469
61,95,5837
61,96,8431
61,97,2743
61,98,7576
61,99,8490
61,100,2524
61,101,5039
61,102,7659
61,103,4444
61,104,4632
61,105,6666
61,106,6669
61,107,7197
61,108,7229
61,109,7538
61,110,1659
61,111,4199
61,112,1607
61,113,8070
61,114,1572
61,115,8883
61,116,2710
61,117,8639
61,118,4193
61,119,2911
61,120,4204
61,121,5337
61,122,2296
61,123,9891
61,124,6091
61,125,5815
61,126,6135
61,127,5531
61,128,7788
61,129,1656
62,10,1977
62,11,3965
62,12,2934
62,63,2879
62,64,955
62,65,8567
62,66,8030
62,67,7506
62,68,5054
62,69,581
62,70,3408
62,71,1679
62,72,2797
62,73,3516
62,74,5776
62,75,9027
62,76,8542
62,77,8395
62,78,4581
62,79,8311
62,80,6603
62,81,2599
62,82,303
62,83,3215
62,84,4003
62,85,1276
62,86,5315
62,87,3565
62,88,815
62,89,103
62,90,5263
62,91,3783
62,92,2399
62,93,6496
62,94,9481
62,95,9331
62,96,5565
62,97,4354
62,98,5817
62,99,4287
62,100,9846
62,101,3920
62,102,6674
62,103,2515
62,104,2560
62,105,5144
62,106,7709
62,107,4529
62,108,6690
62,109,9690
62,110,5412
62,111,3848
62,112,2056
62,113,1898
62,114,4472
62,115,5661
62,116,5974
62,117,8663
62,118,1958
62,119,6213
62,120,9226
62,121,960
62,122,8498
62,123,4793
62,124,7491
62,125,6212
62,126,6241
62,127,1404
62,128,7954
62,129,1754
63,10,4033
63,11,1912
63,12,3594
63,64,6780
63,65,3516
63,66,5393
63,67,2187
63,68,8322
63,69,5402
63,70,7715
63,71,9229
63,72,4559
63,73,8743
63,74,5728
63,75,9607
63,76,1563
63,77,5510
63,78,1961
63,79,4107
63,80,715
63,81,1335
63,82,1212
63,83,1882
63,84,5014
63,85,6621
63,86,8097
63,87,1805
63,88,3947
63,89,4892
63,90,6208
63,91,9796
63,92,3551
63,93,6060
63,94,9135
63,95,9939
63,96,4452
63,97,2596
63,98,4864
63,99,768
63,100,6777
63,101,9919
63,102,7769
63,103,1661
63,104,8812
63,105,1248
63,106,3995
63,107,7293
63,108,7913
63,109,2499
63,110,4691
63,111,623
63,112,8995
63,113,2708
63,114,2144
63,115,5544
63,116,9999
63,117,5987
63,118,743
63,119,7790
63,120,6021
63,121,4290
63,122,4280
63,123,5058
63,124,2232
63,125,7357
63,126,5549
63,127,9963
63,128,6521
63,129,5678
64,10,3361
64,11,8846
64,12,9042
64,65,8893
64,66,8624
64,67,6826
64,68,1095
64,69,3512
64,70,2763
64,71,3812
64,72,5388
64,73,5793
64,74,3252
64,75,9682
64,76,5810
64,77,8216
64,78,9585
64,79,7074
64,80,7124
64,81,5517
64,82,1511
64,83,1949
64,84,462
64,85,7220
64,86,2243
64,87,1896
64,88,4574
64,89,8414
64,90,3638
64,91,1717
64,92,6700
64,93,9507
64,94,373
64,95,7988
64,96,7429
64,97,5918
64,98,6540
64,99,1836
64,100,4052
64,101,1950
64,102,3415
64,103,9837
64,104,7271
64,105,4259
64,106,417
64,107,3353
64,108,1231
64,109,7243
64,110,8391
64,111,9695
64,112,8660
64,113,6367
64,114,2278
64,115,7142
64,116,8935
64,117,811
64,118,5324
64,119,2119
64,120,2124
64,121,3173
64,122,8709
64,123,7215
64,124,6546
64,125,4000
64,126,8762
64,127,2521
64,128,745
64,129,919
65,10,3909
65,11,4099
65,12,8977
65,66,4213
65,67,1408
65,68,7641
65,69,1763
65,70,925
65,71,6317
65,72,1011
65,73,6093
65,74,5799
65,75,9663
65,76,1763
65,77,6099
65,78,8251
65,79,3476
65,80,4195
65,81,1672
65,82,5557
65,83,8415
65,84,5802
65,85,3443
65,86,5874
65,87,6702
65,88,2463
65,89,8243
65,90,8433
65,91,6661
65,92,5572
65,93,6877
65,94,9380
65,95,1672
65,96,895
65,97,7455
65,98,2719
65,99,9384
65,100,7063
65,101,4309
65,102,5638
65,103,9781
65,104,5270
65,105,4905
65,106,5696
65,107,6763
65,108,2781
65,109,7086
65,110,2677
65,111,6690
65,112,6277
65,113,3780
65,114,5100
65,115,2543
65,116,9254
65,117,3845
65,118,4248
65,119,2867
65,120,9711
65,121,8905
65,122,5850
65,123,4583
65,124,5695
65,125,4294
65,126,3468
65,127,3180
65,128,1394
65,129,3644
66,10,1145
66,11,2143
66,12,3321
66,67,7798
66,68,8971
66,69,6142
66,70,7046
66,71,4923
66,72,7984
66,73,8338
66,74,2227
66,75,1572
66,76,5130
66,77,2760
66,78,7959
66,79,5668
66,80,3484
66,81,7449
66,82,8028
66,83,7624
66,84,7311
66,85,1415
66,86,3188
66,87,5361
66,88,2269
66,89,7695
66,90,6422
66,91,5413
66,92,3954
66,93,7642
66,94,4948
66,95,2234
66,96,8211
66,97,4690
66,98,6117
66,99,8959
66,100,4745
66,101,5451
66,102,2230
66,103,7511
66,104,4455
66,105,9566
66,106,5133
66,107,4555
66,108,2092
66,109,4239
66,110,6217
66,111,760
66,112,6250
66,113,7599
66,114,2991
66,115,8358
66,116,8621
66,117,6712
66,118,4414
66,119,290
66,120,3216
66,121,8607
66,122,5882
66,123,2446
66,124,3253
66,125,4531
66,126,4473
66,127,5164
66,128,8664
66,129,2467
67,10,5244
67,11,4355
67,12,2390
67,68,4137
67,69,7001
67,70,6195
67,71,1712
67,72,4242
67,73,3443
67,74,8060
67,75,1382
67,76,474
67,77,6434
67,78,3770
67,79,1978
67,80,3426
67,81,2364
67,82,5054
67,83,7367
67,84,9699
67,85,1022
67,86,5753
67,87,2812
67,88,5724
67,89,5661
67,90,4451
67,91,7812
67,92,8944
67,93,8206
67,94,6638
67,95,7857
67,96,693
67,97,4055
67,98,2916
67,99,1956
67,100,5590
67,101,2522
67,102,3283
67,103,4505
67,104,332
67,105,4864
67,106,207
67,107,940
67,108,8234
67,109,2166
67,110,1425
67,111,2989
67,112,5072
67,113,1830
67,114,7084
67,115,2316
67,116,2509
67,117,4282
67,118,5633
67,119,2198
67,120,9941
67,121,769
67,122,6139
67,123,8027
67,124,3325
67,125,9116
67,126,5973
67,127,8578
67,128,362
67,129,4520
68,10,9034
68,11,6738
68,12,7290
68,69,9167
68,70,7748
68,71,3624
68,72,7794
68,73,3720
68,74,5366
68,75,20
68,76,6789
68,77,9793
68,78,6373
68,79,3619
68,80,6384
68,81,2762
68,82,2683
68,83,9166
68,84,8655
68,85,1649
68,86,3520
68,87,957
68,88,4010
68,89,9077
68,90,4183
68,91,4294
68,92,5148
68,93,7769
68,94,3439
68,95,8855
68,96,89
68,97,7925
68,98,1697
68,99,3596
68,100,9097
68,101,6179
68,102,4249
68,103,4273
68,104,4516
68,105,8994
68,106,3405
68,107,1302
68,108,1758
68,109,7592
68,110,2596
68,111,1212
68,112,9990
68,113,8368
68,114,2318
68,115,2354
68,116,2052
68,117,1510
68,118,8815
68,119,4016
68,120,2087
68,121,6145
68,122,5988
68,123,4938
68,124,889
68,125,7878
68,126,2680
68,127,7730
68,128,9466
68,129,8011
69,10,1028
69,11,5611
69,12,1790
69,70,804
69,71,4249
69,72,1925
69,73,548
69,74,313
69,75,3246
69,76,25
69,77,816
69,78,9818
69,79,4168
69,80,9722
69,81,3651
69,82,6962
69,83,4236
69,84,8647
69,85,5007
69,86,3300
69,87,7103
69,88,4587
69,89,4613
69,90,9701
69,91,542
69,92,4007
69,93,7216
69,94,2309
69,95,9498
69,96,6652
69,97,6781
69,98,963
69,99,8856
69,100,9946
69,101,1383
69,102,8977
69,103,5654
69,104,3915
69,105,5665
69,106,1698
69,107,4265
69,108,6355
69,109,2091
69,110,1633
69,111,9110
69,112,6304
69,113,2656
69,114,8283
69,115,4967
69,116,8114
69,117,1219
69,118,4757
69,119,1673
69,120,8188
69,121,8182
69,122,6352
69,123,6703
69,124,7737
69,125,7867
69,126,309
69,127,1556
69,128,317
69,129,8352
70,1,8670
70,2,6589
70,3,4330
70,4,5908
70,5,3315
70,6,7199
70,7,9151
70,8,3255
70,9,2976
70,10,7759
70,11,7746
70,12,7681
70,71,575
70,72,144
70,73,1245
70,74,7021
70,75,7586
70,76,3940
70,77,9911
70,78,5081
70,79,7633
70,80,1771
70,81,7978
70,82,9029
70,83,2051
70,84,7038
70,85,4932
70,86,6633
70,87,5413
70,88,203
70,89,1131
70,90,5658
70,91,6221
70,92,3068
70,93,6169
70,94,8182
70,95,7406
70,96,9198
70,97,8921
70,98,8592
70,99,4757
70,100,272
70,101,1829
70,102,979
70,103,1218
70,104,2336
70,105,9135
70,106,6764
70,107,6288
70,108,8189
70,109,7013
70,110,2985
70,111,3307
70,112,7301
70,113,8962
70,114,2196
70,115,1778
70,116,1326
70,117,63
70,118,9257
70,119,746
70,120,943
70,121,3233
70,122,9165
70,123,2607
70,124,462
70,125,8378
70,126,7986
70,127,9482
70,128,6453
70,129,4696
71,72,3115
71,73,5601
71,74,1865
71,75,6665
71,76,8600
71,77,847
71,78,1934
71,79,2959
71,80,3607
71,81,1885
71,82,6219
71,83,7763
71,84,1975
71,85,4059
71,86,3640
71,87,2327
71,88,757
71,89,1459
71,90,5981
71,91,7093
71,92,8813
71,93,8305
71,94,349
71,95,3423
71,96,369
71,97,8183
71,98,3449
71,99,8764
71,100,8929
71,101,4361
71,102,2234
71,103,3951
71,104,8776
71,105,8717
71,106,43
71,107,9976
71,108,810
71,109,1850
71,110,9859
71,111,2828
71,112,1239
71,113,7470
71,114,1734
71,115,2376
71,116,4905
71,117,5553
71,118,7986
71,119,1566
71,120,5795
71,121,6309
71,122,3367
71,123,3033
71,124,726
71,125,1514
71,126,308
71,127,4427
71,128,6564
71,129,555
72,10,5864
72,11,3288
72,12,9878
72,73,7248
72,74,6999
72,75,3100
72,76,1525
72,77,701
72,78,6699
72,79,5783
72,80,3075
72,81,8122
72,82,4875
72,83,4424
72,84,4679
72,85,8748
72,86,9904
72,87,9157
72,88,1810
72,89,9031
72,90,9136
72,91,4188
72,92,9169
72,93,981
72,94,4141
72,95,3461
72,96,4888
72,97,2873
72,98,134
72,99,5000
72,100,8322
72,101,3116
72,102,7319
72,103,2397
72,104,9231
72,105,9597
72,106,583
72,107,5148
72,108,1617
72,109,9767
72,110,1657
72,111,9718
72,112,3460
72,113,1025
72,114,1942
72,115,133
72,116,6582
72,117,5637
72,118,5755
72,119,247
72,120,9549
72,121,4397
72,122,9706
72,123,3302
72,124,4721
72,125,7088
72,126,6408
72,127,1464
72,128,1989
72,129,3023
73,10,8216
73,11,9214
73,12,5997
73,74,9711
73,75,4857
73,76,2717
73,77,4769
73,78,5524
73,79,1583
73,80,9233
73,81,3822
73,82,9091
73,83,1379
73,84,9434
73,85,6481
73,86,7761
73,87,4829
73,88,4042
73,89,4602
73,90,6623
73,91,5312
73,92,7412
73,93,4027
73,94,2755
73,95,5613
73,96,2320
73,97,1738
73,98,3538
73,99,7319
73,100,7712
73,101,7235
73,102,1841
73,103,8656
73,104,5048
73,105,1417
73,106,9832
73,107,9208
73,108,8293
73,109,6523
73,110,3204
73,111,4337
73,112,4877
73,113,149
73,114,6903
73,115,2011
73,116,5584
73,117,3769
73,118,5795
73,119,8038
73,120,7045
73,121,527
73,122,406
73,123,5634
73,124,384
73,125,3560
73,126,9086
73,127,8659
73,128,9348
73,129,9848
74,10,7239
74,11,1449
74,12,5989
74,75,5247
74,76,1482
74,77,7489
74,78,6840
74,79,5206
74,80,9062
74,81,345
74,82,6678
74,83,5417
74,84,9636
74,85,6883
74,86,5566
74,87,1884
74,88,9354
74,89,7121
74,90,9134
74,91,1717
74,92,6686
74,93,5172
74,94,8865
74,95,639
74,96,3979
74,97,5214
74,98,8544
74,99,5353
74,100,5739
74,101,4663
74,102,8431
74,103,9660
74,104,1519
74,105,4688
74,106,424
74,107,8256
74,108,2393
74,109,7812
74,110,9066
74,111,8960
74,112,8008
74,113,1897
74,114,538
74,115,5630
74,116,3637
74,117,9923
74,118,6365
74,119,9144
74,120,2130
74,121,1967
74,122,6459
74,123,2298
74,124,1342
74,125,9787
74,126,6970
74,127,9697
74,128,9351
74,129,768
75,10,7203
75,11,8117
75,12,9964
75,76,2667
75,77,1216
75,78,2283
75,79,88
75,80,8125
75,81,6346
75,82,5568
75,83,2480
75,84,5483
75,85,7544
75,86,2298
75,87,2147
75,88,1869
75,89,5796
75,90,6598
75,91,8302
75,92,5196
75,93,3042
75,94,2143
75,95,2024
75,96,1058
75,97,5547
75,98,1838
75,99,7538
75,100,8105
75,101,8123
75,102,1158
75,103,3659
75,104,9245
75,105,7310
75,106,7914
75,107,1207
75,108,2857
75,109,3141
75,110,8349
75,111,439
75,112,6078
75,113,3607
75,114,7485
75,115,9161
75,116,8933
75,117,9669
75,118,6463
75,119,5975
75,120,8655
75,121,3838
75,122,5132
75,123,7421
75,124,8915
75,125,1023
75,126,4404
75,127,3745
75,128,2810
75,129,8377
76,10,6636
76,11,3507
76,12,841
76,77,5743
76,78,4208
76,79,4228
76,80,6716
76,81,982
76,82,1302
76,83,929
76,84,4750
76,85,6432
76,86,5728
76,87,5419
76,88,3598
76,89,7251
76,90,7595
76,91,9804
76,92,4148
76,93,4568
76,94,4848
76,95,7264
76,96,3170
76,97,8155
76,98,7356
76,99,4404
76,100,4950
76,101,2873
76,102,691
76,103,1068
76,104,6112
76,105,3592
76,106,6334
76,107,3727
76,108,9094
76,109,3088
76,110,3613
76,111,8910
76,112,4736
76,113,7793
76,114,8877
76,115,8070
76,116,3253
76,117,6353
76,118,3182
76,119,6199
76,120,4478
76,121,5516
76,122,1517
76,123,2896
76,124,2358
76,125,1342
76,126,2245
76,127,8864
76,128,4092
76,129,4073
77,10,7844
77,11,944
77,12,6390
77,78,9360
77,79,9256
77,80,2022
77,81,6028
77,82,7594
77,83,2536
77,84,9341
77,85,5002
77,86,2482
77,87,1112
77,88,6498
77,89,117
77,90,3912
77,91,3598
77,92,2770
77,93,3536
77,94,7752
77,95,833
77,96,2590
77,97,6165
77,98,3194
77,99,5309
77,100,3289
77,101,2926
77,102,3149
77,103,1787
77,104,4317
77,105,5617
77,106,179
77,107,9431
77,108,9273
77,109,2878
77,110,9968
77,111,4856
77,112,9446
77,113,3843
77,114,9340
77,115,1930
77,116,7257
77,117,6305
77,118,5762
77,119,6094
77,120,9248
77,121,579
77,122,6227
77,123,9565
77,124,506
77,125,5575
77,126,9357
77,127,7363
77,128,5994
77,129,3493
78,10,2200
78,11,9443
78,12,9494
78,79,8424
78,80,5742
78,81,5876
78,82,9453
78,83,8050
78,84,1442
78,85,2451
78,86,8144
78,87,3660
78,88,9672
78,89,2327
78,90,7932
78,91,7833
78,92,9518
78,93,7730
78,94,758
78,95,5865
78,96,5223
78,97,6089
78,98,1789
78,99,1505
78,100,8029
78,101,5896
78,102,1856
78,103,2437
78,104,6161
78,105,3707
78,106,3634
78,107,5628
78,108,4623
78,109,3104
78,110,8586
78,111,2890
78,112,9081
78,113,2476
78,114,7488
78,115,9659
78,116,851
78,117,2438
78,118,8601
78,119,4050
78,120,156
78,121,697
78,122,2001
78,123,6937
78,124,6373
78,125,3894
78,126,9786
78,127,9137
78,128,6831
78,129,8555
79,10,669
79,11,1882
79,12,7904
79,80,1855
79,81,7343
79,82,1019
79,83,3211
79,84,4348
79,85,4301
79,86,962
79,87,3934
79,88,3235
79,89,9554
79,90,2951
79,91,959
79,92,4847
79,93,2423
79,94,2321
79,95,5116
79,96,6740
79,97,1857
79,98,4265
79,99,2064
79,100,2832
79,101,2407
79,102,2646
79,103,5546
79,104,2384
79,105,2247
79,106,5906
79,107,9822
79,108,8470
79,109,8694
79,110,2765
79,111,9781
79,112,4139
79,113,7551
79,114,3491
79,115,6601
79,116,86
79,117,4671
79,118,4957
79,119,6961
79,120,5899
79,121,6968
79,122,9487
79,123,1186
79,124,2699
79,125,6742
79,126,7967
79,127,4705
79,128,7296
79,129,7177
80,1,6235
80,2,6297
80,3,263
80,4,859
80,5,1979
80,6,9315
80,7,671
80,8,7272
80,9,3678
80,10,4871
80,11,8643
80,12,4041
80,81,1076
80,82,2264
80,83,8675
80,84,5302
80,85,3661
80,86,9461
80,87,5909
80,88,1205
80,89,8666
80,90,8526
80,91,6168
80,92,2058
80,93,1214
80,94,7755
80,95,5403
80,96,2474
80,97,238
80,98,135
80,99,2115
80,100,8274
80,101,7943
80,102,1865
80,103,6846
80,104,393
80,105,4662
80,106,4640
80,107,63
80,108,5588
80,109,3889
80,110,8319
80,111,4203
80,112,4025
80,113,9773
80,114,5962
80,115,9748
80,116,6149
80,117,5123
80,118,9151
80,119,5027
80,120,3095
80,121,304
80,122,220
80,123,3422
80,124,3759
80,125,2437
80,126,9091
80,127,4773
80,128,3724
80,129,1619
81,82,6994
81,83,1277
81,84,24
81,85,759
81,86,8708
81,87,6994
81,88,977
81,89,4121
81,90,5959
81,91,7128
81,92,3522
81,93,5727
81,94,7504
81,95,6715
81,96,8306
81,97,860
81,98,5941
81,99,920
81,100,5064
81,101,4063
81,102,4345
81,103,4842
81,104,4972
81,105,9941
81,106,9980
81,107,1916
81,108,5460
81,109,4005
81,110,4347
81,111,5734
81,112,6141
81,113,3098
81,114,9974
81,115,3362
81,116,9094
81,117,6589
81,118,9875
81,119,8484
81,120,3478
81,121,6038
81,122,92
81,123,3948
81,124,7814
81,125,2787
81,126,8652
81,127,2344
81,128,588
81,129,5816
82,10,7865
82,11,1655
82,12,8838
82,83,6843
82,84,4136
82,85,8489
82,86,2061
82,87,4732
82,88,1488
82,89,6610
82,90,8217
82,91,9638
82,92,6607
82,93,8696
82,94,500
82,95,718
82,96,569
82,97,4408
82,98,7042
82,99,5532
82,100,1539
82,101,4218
82,102,9285
82,103,7830
82,104,2302
82,105,9827
82,106,3312
82,107,6924
82,108,7208
82,109,4254
82,110,5071
82,111,8415
82,112,6171
82,113,8210
82,114,5798
82,115,3499
82,116,3400
82,117,3127
82,118,4775
82,119,7378
82,120,1356
82,121,6542
82,122,5695
82,123,9839
82,124,3175
82,125,3145
82,126,5153
82,127,5267
82,128,5940
82,129,4669
83,10,3429
83,11,9366
83,12,1690
83,84,1999
83,85,8833
83,86,1133
83,87,129
83,88,6338
83,89,5970
83,90,7728
83,91,4958
83,92,7505
83,93,7675
83,94,8627
83,95,2883
83,96,83
83,97,5125
83,98,3813
83,99,3062
83,100,5740
83,101,2019
83,102,7626
83,103,6238
83,104,5038
83,105,5449
83,106,7555
83,107,1818
83,108,8364
83,109,6280
83,110,5038
83,111,321
83,112,3421
83,113,5388
83,114,2866
83,115,6390
83,116,1618
83,117,4523
83,118,6792
83,119,8998
83,120,8673
83,121,9356
83,122,8501
83,123,4595
83,124,4735
83,125,4547
83,126,2819
83,127,771
83,128,7222
83,129,4827
84,10,1682
84,11,3033
84,12,4302
84,85,2464
84,86,5966
84,87,1399
84,88,3758
84,89,4386
84,90,411
84,91,6098
84,92,9229
84,93,1659
84,94,4938
84,95,4982
84,96,634
84,97,8576
84,98,7530
84,99,1174
84,100,9590
84,101,2286
84,102,9555
84,103,272
84,104,4161
84,105,9150
84,106,8083
84,107,2647
84,108,2700
84,109,4245
84,110,3668
84,111,8749
84,112,4442
84,113,2735
84,114,9267
84,115,5075
84,116,2288
84,117,343
84,118,2678
84,119,6071
84,120,9479
84,121,1915
84,122,6686
84,123,6920
84,124,5621
84,125,8222
84,126,245
84,127,3596
84,128,7475
84,129,5599
85,10,564
85,11,5331
85,12,4671
85,86,6624
85,87,4756
85,88,1707
85,89,8813
85,90,4476
85,91,9782
85,92,7497
85,93,3069
85,94,9182
85,95,5695
85,96,5476
85,97,5757
85,98,8621
85,99,5165
85,100,6514
85,101,6847
85,102,7287
85,103,861
85,104,2081
85,105,9262
85,106,1682
85,107,9688
85,108,6411
85,109,1732
85,110,9479
85,111,7801
85,112,2725
85,113,1193
85,114,88
85,115,5024
85,116,6336
85,117,4284
85,118,1182
85,119,3776
85,120,4010
85,121,8693
85,122,5002
85,123,8701
85,124,7521
85,125,4838
85,126,4336
85,127,8785
85,128,8279
85,129,9361
86,10,7888
86,11,1704
86,12,3864
86,87,1302
86,88,1365
86,89,3862
86,90,321
86,91,4073
86,92,7009
86,93,6949
86,94,327
86,95,3508
86,96,9632
86,97,3500
86,98,3616
86,99,7491
86,100,7560
86,101,7008
86,102,7638
86,103,4247
86,104,2896
86,105,1106
86,106,7759
86,107,1640
86,108,8287
86,109,9601
86,110,5970
86,111,1525
86,112,4012
86,113,9961
86,114,6014
86,115,3153
86,116,931
86,117,2466
86,118,7941
86,119,5102
86,120,975
86,121,2625
86,122,4680
86,123,8248
86,124,1804
86,125,2754
86,126,2741
86,127,749
86,128,5780
86,129,6723
87,10,544
87,11,8652
87,12,293
87,88,3504
87,89,174
87,90,7252
87,91,7821
87,92,9412
87,93,7436
87,94,4264
87,95,1809
87,96,429
87,97,5677
87,98,9534
87,99,4726
87,100,8923
87,101,9024
87,102,2120
87,103,7689
87,104,1198
87,105,5234
87,106,4116
87,107,4622
87,108,9709
87,109,9235
87,110,9670
87,111,2632
87,112,4829
87,113,260
87,114,3607
87,115,8916
87,116,5121
87,117,7302
87,118,2938
87,119,1789
87,120,2550
87,121,4820
87,122,7930
87,123,713
87,124,2849
87,125,1518
87,126,6218
87,127,5631
87,128,7756
87,129,1670
88,10,8649
88,11,9871
88,12,4992
88,89,4299
88,90,2379
88,91,5812
88,92,6129
88,93,637
88,94,951
88,95,8241
88,96,2857
88,97,8394
88,98,9728
88,99,8479
88,100,2059
88,101,8302
88,102,6844
88,103,9574
88,104,7311
88,105,2042
88,106,3597
88,107,425
88,108,3533
88,109,2433
88,110,3933
88,111,3402
88,112,2237
88,113,9086
88,114,5
88,115,7222
88,116,8184
88,117,6865
88,118,6984
88,119,132
88,120,5025
88,121,8849
88,122,6767
88,123,5490
88,124,5309
88,125,3103
88,126,9315
88,127,1659
88,128,1604
88,129,8292
89,10,7555
89,11,6737
89,12,2545
89,90,7745
89,91,8141
89,92,3125
89,93,3699
89,94,1913
89,95,1660
89,96,6049
89,97,9727
89,98,794
89,99,2663
89,100,4191
89,101,4800
89,102,9878
89,103,7547
89,104,2248
89,105,8846
89,106,9216
89,107,1739
89,108,2876
89,109,15
89,110,7755
89,111,6466
89,112,8197
89,113,3521
89,114,2418
89,115,1547
89,116,27
89,117,1413
89,118,4274
89,119,6457
89,120,4883
89,121,6940
89,122,2831
89,123,9455
89,124,3156
89,125,9380
89,126,2168
89,127,1927
89,128,6067
89,129,8672
90,1,9560
90,2,7056
90,3,3144
90,4,1417
90,5,3130
90,6,1435
90,7,1735
90,8,8656
90,9,9218
90,10,7620
90,11,9869
90,12,49
90,91,7493
90,92,9429
90,93,4798
90,94,1540
90,95,5171
90,96,8095
90,97,1264
90,98,8797
90,99,717
90,100,7968
90,101,4824
90,102,2861
90,103,3896
90,104,3711
90,105,1164
90,106,8306
90,107,2319
90,108,3124
90,109,5138
90,110,8155
90,111,8193
90,112,1814
90,113,8778
90,114,5306
90,115,7065
90,116,2346
90,117,3620
90,118,2054
90,119,2644
90,120,3843
90,121,755
90,122,8502
90,123,4925
90,124,904
90,125,8222
90,126,5576
90,127,4028
90,128,8344
90,129,3481
91,92,4214
91,93,7407
91,94,4947
91,95,8978
91,96,838
91,97,9146
91,98,7104
91,99,7752
91,100,1342
91,101,6278
91,102,1317
91,103,1243
91,104,9117
91,105,2493
91,106,4972
91,107,8713
91,108,1525
91,109,632
91,110,3964
91,111,5023
91,112,9921
91,113,7227
91,114,2940
91,115,942
91,116,3104
91,117,552
91,118,9305
91,119,4101
91,120,733
91,121,6947
91,122,42
91,123,5000
91,124,6859
91,125,7750
91,126,1535
91,127,3932
91,128,9352
91,129,483
92,10,2758
92,11,3356
92,12,2594
92,93,336
92,94,5016
92,95,1351
92,96,9424
92,97,3832
92,98,2279
92,99,6474
92,100,6677
92,101,2496
92,102,5512
92,103,6900
92,104,5009
92,105,4249
92,106,3574
92,107,3632
92,108,2738
92,109,1738
92,110,5170
92,111,4542
92,112,1989
92,113,2691
92,114,7531
92,115,1224
92,116,1320
92,117,8923
92,118,3464
92,119,1257
92,120,1344
92,121,5542
92,122,9108
92,123,471
92,124,2917
92,125,3638
92,126,5010
92,127,4449
92,128,7024
92,129,1721
93,10,2827
93,11,3107
93,12,149
93,94,9634
93,95,9998
93,96,4390
93,97,1598
93,98,7949
93,99,5373
93,100,1145
93,101,4480
93,102,2021
93,103,3872
93,104,9056
93,105,2371
93,106,2152
93,107,4775
93,108,1812
93,109,5397
93,110,2730
93,111,4592
93,112,7577
93,113,9473
93,114,1807
93,115,6703
93,116,6225
93,117,3046
93,118,7331
93,119,6273
93,120,4710
93,121,5721
93,122,3462
93,123,9910
93,124,9586
93,125,2195
93,126,9106
93,127,5778
93,128,790
93,129,7626
94,10,5415
94,11,9895
94,12,2140
94,95,9047
94,96,5161
94,97,8615
94,98,6932
94,99,9878
94,100,984
94,101,4661
94,102,2653
94,103,8879
94,104,6790
94,105,1826
94,106,8119
94,107,6703
94,108,4250
94,109,2890
94,110,4983
94,111,9040
94,112,3323
94,113,5572
94,114,5749
94,115,2201
94,116,3969
94,117,7691
94,118,6222
94,119,1250
94,120,4963
94,121,1881
94,122,7189
94,123,4217
94,124,6808
94,125,4594
94,126,6040
94,127,7185
94,128,1324
94,129,7303
95,10,9688
95,11,2592
95,12,2096
95,96,1896
95,97,9335
95,98,662
95,99,3933
95,100,4438
95,101,1376
95,102,4241
95,103,6783
95,104,6576
95,105,3581
95,106,9944
95,107,9030
95,108,8716
95,109,2273
95,110,9730
95,111,767
95,112,3470
95,113,455
95,114,3878
95,115,3956
95,116,1506
95,117,9167
95,118,2421
95,119,497
95,120,7305
95,121,89
95,122,4254
95,123,3119
95,124,628
95,125,6302
95,126,29
95,127,4330
95,128,7500
95,129,9928
96,10,5724
96,11,8324
96,12,650
96,97,8135
96,98,6176
96,99,407
96,100,4920
96,101,4919
96,102,4060
96,103,3236
96,104,4401
96,105,7190
96,106,9716
96,107,7677
96,108,7195
96,109,6205
96,110,317
96,111,8419
96,112,8726
96,113,5574
96,114,4781
96,115,3383
96,116,1535
96,117,5914
96,118,7949
96,119,5536
96,120,1033
96,121,4422
96,122,9355
96,123,5299
96,124,8239
96,125,9590
96,126,7770
96,127,3306
96,128,412
96,129,5148
97,10,4284
97,11,2384
97,12,2502
97,98,4915
97,99,2599
97,100,5882
97,101,7400
97,102,980
97,103,5450
97,104,1881
97,105,3454
97,106,962
97,107,774
97,108,6131
97,109,9900
97,110,2034
97,111,7036
97,112,1383
97,113,7382
97,114,6608
97,115,8184
97,116,472
97,117,3251
97,118,7139
97,119,616
97,120,3562
97,121,9669
97,122,9975
97,123,7925
97,124,5160
97,125,1107
97,126,5396
97,127,3141
97,128,9957
97,129,5671
98,10,9757
98,11,7679
98,12,1860
98,99,7994
98,100,7667
98,101,514
98,102,6509
98,103,5303
98,104,4711
98,105,4025
98,106,7129
98,107,1828
98,108,4951
98,109,3841
98,110,718
98,111,7286
98,112,3733
98,113,6925
98,114,9901
98,115,7084
98,116,8583
98,117,4848
98,118,361
98,119,4119
98,120,1596
98,121,1576
98,122,3188
98,123,1893
98,124,4728
98,125,6841
98,126,711
98,127,7051
98,128,2499
98,129,9998
99,10,6174
99,11,8792
99,12,6357
99,100,3173
99,101,5705
99,102,5014
99,103,2102
99,104,785
99,105,4012
99,106,811
99,107,1803
99,108,4241
99,109,1626
99,110,7847
99,111,1721
99,112,6935
99,113,6490
99,114,1657
99,115,9718
99,116,1641
99,117,5079
99,118,6142
99,119,5714
99,120,212
99,121,3763
99,122,2526
99,123,3061
99,124,9582
99,125,8055
99,126,613
99,127,4652
99,128,23
99,129,3633
100,1,7008
100,101,6343
100,102,7089
100,103,835
100,104,5203
100,105,1958
100,106,2926
100,107,9897
100,108,9658
100,109,2488
100,110,3986
100,111,1339
100,112,4880
100,113,422
100,114,3791
100,115,5400
100,116,3516
100,117,6089
100,118,6480
100,119,6919
100,120,2794
100,121,7342
100,122,5377
100,123,701
100,124,4598
100,125,4510
100,126,3870
100,127,4799
100,128,7142
100,129,2397
101,102,9273
101,103,3117
101,104,6566
101,105,6799
101,106,1969
101,107,3960
101,108,1906
101,109,8785
101,110,7768
101,111,4252
101,112,5807
101,113,2214
101,114,7091
101,115,4954
101,116,4809
101,117,1342
101,118,9932
101,119,928
101,120,2325
101,121,6569
101,122,728
101,123,288
101,124,7667
101,125,7985
101,126,3875
101,127,8381
101,128,7622
101,129,7618
102,103,7472
102,104,3710
102,105,6825
102,106,6540
102,107,240
102,108,6074
102,109,7225
102,110,3403
102,111,1415
102,112,3632
102,113,2009
102,114,222
102,115,5380
102,116,6498
102,117,7448
102,118,6847
102,119,8809
102,120,6842
102,121,9597
102,122,8937
102,123,6343
102,124,6780
102,125,5941
102,126,3563
102,127,2289
102,128,8166
102,129,1387
103,104,8272
103,105,9510
103,106,8664
103,107,2558
103,108,5159
103,109,3276
103,110,5913
103,111,7784
103,112,9475
103,113,7537
103,114,1280
103,115,430
103,116,3691
103,117,2166
103,118,8532
103,119,4809
103,120,7757
103,121,9721
103,122,8330
103,123,5922
103,124,8404
103,125,6574
103,126,8379
103,127,1445
103,128,2323
103,129,6177
104,105,3644
104,106,7666
104,107,7340
104,108,9195
104,109,4743
104,110,5979
104,111,6032
104,112,5748
104,113,2818
104,114,2297
104,115,4449
104,116,204
104,117,3034
104,118,9388
104,119,4506
104,120,2689
104,121,5476
104,122,859
104,123,9223
104,124,8259
104,125,1783
104,126,9950
104,127,9633
104,128,6094
104,129,6824
105,106,5065
105,107,3235
105,108,680
105,109,5977
105,110,1064
105,111,8790
105,112,3130
105,113,2000
105,114,1580
105,115,321
105,116,4472
105,117,4317
105,118,4735
105,119,2251
105,120,8383
105,121,9012
105,122,5815
105,123,5615
105,124,3701
105,125,2397
105,126,167
105,127,1164
105,128,3634
105,129,5728
106,107,470
106,108,9220
106,109,7784
106,110,6588
106,111,6224
106,112,9784
106,113,8707
106,114,1184
106,115,5835
106,116,5134
106,117,7721
106,118,5053
106,119,5657
106,120,6248
106,121,7385
106,122,7419
106,123,3606
106,124,3833
106,125,6605
106,126,3466
106,127,5946
106,128,3766
106,129,5501
107,108,807
107,109,5566
107,110,8145
107,111,5552
107,112,6014
107,113,7255
107,114,4531
107,115,9386
107,116,443
107,117,9632
107,118,4251
107,119,7220
107,120,7528
107,121,5689
107,122,4688
107,123,6846
107,124,5023
107,125,8609
107,126,3247
107,127,7933
107,128,5648
107,129,7681
108,109,3234
108,110,3343
108,111,6859
108,112,8942
108,113,1631
108,114,1725
108,115,5405
108,116,921
108,117,2480
108,118,6946
108,119,3557
108,120,8801
108,121,4342
108,122,4940
108,123,2128
108,124,6739
108,125,4459
108,126,1661
108,127,5983
108,128,5176
108,129,5307
109,110,6677
109,111,6021
109,112,3831
109,113,1370
109,114,6081
109,115,5202
109,116,3129
109,117,566
109,118,1926
109,119,3903
109,120,2226
109,121,1157
109,122,1162
109,123,3096
109,124,3165
109,125,6313
109,126,6062
109,127,7506
109,128,172
109,129,7699
110,10,3422
110,11,7938
110,12,6808
110,111,9733
110,112,1404
110,113,6172
110,114,2818
110,115,7526
110,116,2865
110,117,9658
110,118,581
110,119,3290
110,120,9805
110,121,945
110,122,5764
110,123,441
110,124,4082
110,125,4391
110,126,5422
110,127,7855
110,128,9550
110,129,200
111,112,8877
111,113,3410
111,114,7374
111,115,8548
111,116,7306
111,117,1175
111,118,9934
111,119,3717
111,120,4208
111,121,3847
111,122,94
111,123,1069
111,124,2080
111,125,8177
111,126,3796
111,127,6652
111,128,8752
111,129,8409
112,113,5037
112,114,8017
112,115,4882
112,116,3246
112,117,1580
112,118,5548
112,119,5700
112,120,8726
112,121,1815
112,122,9381
112,123,4658
112,124,4792
112,125,283
112,126,4084
112,127,5924
112,128,927
112,129,2082
113,114,8240
113,115,4038
113,116,3534
113,117,6325
113,118,9121
113,119,8291
113,120,3127
113,121,601
113,122,3421
113,123,7445
113,124,8824
113,125,1785
113,126,4822
113,127,9041
113,128,3672
113,129,9735
114,115,7068
114,116,6658
114,117,5966
114,118,9829
114,119,3895
114,120,8559
114,121,5983
114,122,6017
114,123,9633
114,124,10
114,125,7823
114,126,6109
114,127,268
114,128,7384
114,129,3915
115,116,9069
115,117,1090
115,118,5033
115,119,6766
115,120,4717
115,121,9378
115,122,2350
115,123,3767
115,124,6138
115,125,3831
115,126,7299
115,127,4849
115,128,767
115,129,7760
116,117,1228
116,118,9910
116,119,2867
116,120,1418
116,121,1261
116,122,1609
116,123,9174
116,124,1380
116,125,2526
116,126,6209
116,127,5342
116,128,6702
116,129,9412
117,118,1005
117,119,6603
117,120,7260
117,121,1514
117,122,2286
117,123,9140
117,124,4198
117,125,9870
117,126,3275
117,127,9747
117,128,5317
117,129,7194
118,119,3649
118,120,957
118,121,9959
118,122,121
118,123,2878
118,124,3876
118,125,3728
118,126,2906
118,127,4178
118,128,6649
118,129,291
119,120,6713
119,121,2388
119,122,5168
119,123,3802
119,124,3068
119,125,1781
119,126,4023
119,127,170
119,128,6971
119,129,390
120,1,2979
120,121,9327
120,122,1700
120,123,9444
120,124,123
120,125,4300
120,126,9449
120,127,1285
120,128,6953
120,129,9942
121,122,7268
121,123,3237
121,124,540
121,125,1439
121,126,111
121,127,2876
121,128,1172
121,129,7264
122,123,2749
122,124,8337
122,125,4293
122,126,7416
122,127,785
122,128,1392
122,129,5951
123,124,2092
123,125,2866
123,126,4747
123,127,5631
123,128,3723
123,129,2442
124,125,296
124,126,7127
124,127,2691
124,128,3086
124,129,640
125,126,3893
125,127,1901
125,128,6958
125,129,7663
126,127,7672
126,128,5862
126,129,5447
127,128,7777
127,129,9490
128,129,6353