0,1,2,3,4,5,6,7,8,9,10,11,12,13,14,15,16,17,18,19,20,21,22,23,24,25,26,27,28,29,30,31,32,33,34,35,36,37,38,39,40,41,42,43,44,45,46,47,48,49,50,51,52,53,54,55,56,57,58,59,60,61,62,63,64,65,66,67,68,69,70,71,72,73,74,75,76,77,78,79,80,81,82,83,84,85,86,87,88,89,90,91,92,93,94,95,96,97,98,99,100,101,102,103,104,105,106,107,108,109
0,1,4872
0,2,9158
0,3,3677
0,4,9589
0,5,7931
0,6,9491
0,7,9050
0,8,2305
0,9,7139
0,10,3230
0,11,7389
0,12,1783
0,13,2388
0,14,3573
0,15,8329
0,16,1966
0,17,9000
0,18,1528
0,19,6693
0,20,5711
0,21,2282
0,22,6011
0,23,4211
0,24,530
0,25,629
0,26,8961
0,27,7535
0,28,7511
0,29,9105
0,30,2433
0,31,7288
0,32,2191
0,33,4038
0,34,8475
0,35,5874
0,36,2547
0,37,968
0,38,1627
0,39,86
0,40,7817
0,41,6977
0,42,9389
0,43,4258
0,44,8285
0,45,9365
0,46,1106
0,47,1039
0,48,4779
0,49,4857
0,50,6180
0,51,3798
0,52,315
0,53,2987
0,54,3032
0,55,1132
0,56,3923
0,57,9876
0,58,282
0,59,4094
0,60,8882
0,61,9532
0,62,2690
0,63,5477
0,64,3986
0,65,2413
0,66,8153
0,67,5643
0,68,3591
0,69,6963
0,70,8927
0,71,6057
0,72,6276
0,73,5790
0,74,3552
0,75,8429
0,76,4961
0,77,203
0,78,7241
0,79,3055
0,80,6985
0,81,6273
0,82,302
0,83,4074
0,84,6140
0,85,5962
0,86,7250
0,87,9374
0,88,5842
0,89,9688
0,90,5299
0,91,7800
0,92,7334
0,93,9858
0,94,2188
0,95,8726
0,96,6052
0,97,793
0,98,1308
0,99,5873
0,100,5959
0,101,218
0,102,7474
0,103,1182
0,104,7814
0,105,6965
0,106,6482
0,107,7934
0,108,1655
0,109,2586
1,2,125
1,3,7522
1,4,5607
1,5,830
1,6,8866
1,7,3331
1,8,4470
1,9,816
1,11,7034
1,12,7615
1,13,9818
1,14,1795
1,15,1656
1,16,310
1,17,7009
1,18,5064
1,19,5024
1,22,9099
1,23,7942
1,24,3922
1,25,6480
1,26,6361
1,27,9928
1,28,4671
1,29,1401
1,32,300
1,33,5596
1,34,2912
1,35,3671
1,36,2993
1,37,2747
1,38,3011
1,39,3289
1,42,7505
1,43,4952
1,44,6812
1,45,3589
1,46,5606
1,47,568
1,48,515
1,49,5753
1,52,7952
1,53,3120
1,54,3240
1,55,2878
1,56,4564
1,57,7752
1,58,5974
1,59,6741
1,62,8394
1,63,9575
1,64,4091
1,65,389
1,66,3461
1,67,9176
1,68,5291
1,69,9754
1,72,1223
1,73,2557
1,74,433
1,75,1894
1,76,889
1,77,3517
1,78,3074
1,79,9624
1,82,7729
1,83,6374
1,84,3504
1,85,9335
1,86,7011
1,87,2618
1,88,1479
1,89,4263
1,92,7659
1,93,1620
1,94,5748
1,95,2279
1,96,8261
1,97,2390
1,98,8493
1,99,5537
1,100,855
1,101,9179
1,102,5738
1,103,6332
1,104,2239
1,105,7821
1,106,2206
1,107,1570
1,108,6222
1,109,6683
2,3,3678
2,4,8166
2,5,4683
2,6,6360
2,7,255
2,8,1193
2,9,6428
2,11,2215
2,12,9160
2,13,4730
2,14,4685
2,15,3816
2,16,7009
2,17,4460
2,18,3372
2,19,3723
2,22,1961
2,23,5303
2,24,4105
2,25,7696
2,26,5407
2,27,4683
2,28,644
2,29,3869
2,33,4954
2,34,520
2,35,6123
2,36,8951
2,37,5264
2,38,5046
2,39,7556
2,43,7907
2,44,786
2,45,7409
2,46,2587
2,47,4358
2,48,4671
2,49,2319
2,53,440
2,54,1953
2,55,2126
2,56,7288
2,57,178
2,58,5517
2,59,9298
2,63,7301
2,64,5936
2,65,5002
2,66,9711
2,67,3071
2,68,6297
2,69,7438
2,73,4967
2,74,7099
2,75,110
2,76,65
2,77,9326
2,78,5761
2,79,4075
2,83,7168
2,84,5860
2,85,1122
2,86,6539
2,87,1402
2,88,7013
2,89,8220
2,93,4659
2,94,8550
2,95,1150
2,96,9123
2,97,1730
2,98,2960
2,99,6202
2,100,6364
2,101,9412
2,102,8042
2,103,2001
2,104,5165
2,105,8335
2,106,8722
2,107,7312
2,108,6035
2,109,7883
3,4,1565
3,5,4900
3,6,7346
3,7,1520
3,8,6289
3,9,6587
3,11,6314
3,12,2987
3,13,9144
3,14,4590
3,15,7374
3,16,5650
3,17,1676
3,18,7500
3,19,9063
3,22,3324
3,23,6235
3,24,6963
3,25,6344
3,26,530
3,27,50
3,28,6877
3,29,1970
3,33,2000
3,34,5969
3,35,7450
3,36,2967
3,37,1752
3,38,3208
3,39,7911
3,44,4382
3,45,7149
3,46,5788
3,47,2742
3,48,4231
3,49,5447
3,54,1588
3,55,3049
3,56,1581
3,57,1796
3,58,9497
3,59,8560
3,64,8484
3,65,2329
3,66,3496
3,67,1781
3,68,3186
3,69,111
3,74,3330
3,75,8982
3,76,4456
3,77,5108
3,78,9933
3,79,630
3,84,7111
3,85,5341
3,86,8996
3,87,1212
3,88,3808
3,89,6042
3,94,4402
3,95,4409
3,96,1578
3,97,3752
3,98,4888
3,99,8404
3,100,9091
3,101,6443
3,102,5033
3,103,701
3,104,2415
3,105,2261
3,106,3668
3,107,4040
3,108,3668
3,109,2539
4,5,6506
4,6,5045
4,7,4666
4,8,2635
4,9,7277
4,11,8656
4,12,1765
4,13,6304
4,14,597
4,15,4901
4,16,4886
4,17,6238
4,18,8241
4,19,2539
4,22,321
4,23,6364
4,24,7922
4,25,687
4,26,8688
4,27,7090
4,28,9319
4,29,3967
4,33,8983
4,34,3282
4,35,9601
4,36,1321
4,37,568
4,38,649
4,39,239
4,44,4900
4,45,3509
4,46,4059
4,47,8201
4,48,6521
4,49,8182
4,55,1547
4,56,2206
4,57,3482
4,58,8575
4,59,8774
4,65,1758
4,66,5177
4,67,6607
4,68,3619
4,69,2437
4,75,8813
4,76,8762
4,77,5998
4,78,5986
4,79,2647
4,85,272
4,86,1368
4,87,6423
4,88,3503
4,89,3196
4,95,2255
4,96,9993
4,97,6221
4,98,3986
4,99,5626
4,100,5509
4,101,7647
4,102,5702
4,103,6780
4,104,9095
4,105,8319
4,106,8633
4,107,5866
4,108,7446
4,109,4577
5,6,7902
5,7,4221
5,8,3300
5,9,159
5,11,3160
5,12,9058
5,13,5409
5,14,5413
5,15,9601
5,16,9029
5,17,918
5,18,875
5,19,8641
5,22,1166
5,23,1831
5,24,7352
5,25,9050
5,26,2186
5,27,7104
5,28,9085
5,29,7683
5,33,280
5,34,6019
5,35,1095
5,36,9239
5,37,7511
5,38,6900
5,39,9339
5,44,8854
5,45,7480
5,46,2805
5,47,7558
5,48,4847
5,49,9681
5,55,9532
5,56,3782
5,57,6582
5,58,9105
5,59,3789
5,66,6873
5,67,7214
5,68,8
5,69,1595
5,76,1530
5,77,1600
5,78,2237
5,79,4069
5,86,4211
5,87,4793
5,88,311
5,89,6540
5,96,1341
5,97,4553
5,98,4411
5,99,5471
5,100,3792
5,101,3645
5,102,9463
5,103,5134
5,104,4415
5,105,1995
5,106,5916
5,107,2608
5,108,4213
5,109,3596
6,7,6832
6,8,9614
6,9,5980
6,11,6492
6,12,980
6,13,6179
6,14,4549
6,15,8041
6,16,2696
6,17,2814
6,18,1789
6,19,8778
6,22,4077
6,23,4522
6,24,9961
6,25,2688
6,26,9662
6,27,3059
6,28,9420
6,29,8205
6,33,326
6,34,8712
6,35,7989
6,36,2844
6,37,1671
6,38,7963
6,39,1731
6,44,9985
6,45,3915
6,46,359
6,47,3581
6,48,33
6,49,1835
6,55,1954
6,56,6953
6,57,545
6,58,2793
6,59,967
6,66,4048
6,67,7613
6,68,8455
6,69,2880
6,77,5783
6,78,1878
6,79,6256
6,87,653
6,88,9993
6,89,7305
6,97,4453
6,98,4606
6,99,124
6,100,2823
6,101,8612
6,102,6248
6,103,7006
6,104,5986
6,105,7834
6,106,2881
6,107,2084
6,108,7120
6,109,6222
7,8,4966
7,9,5759
7,11,2924
7,12,8445
7,13,4742
7,14,5720
7,15,8340
7,16,7107
7,17,9062
7,18,856
7,19,1102
7,22,3658
7,23,4338
7,24,4676
7,25,6184
7,26,4187
7,27,756
7,28,1647
7,29,7909
7,33,9609
7,34,993
7,35,4926
7,36,628
7,37,6766
7,38,1946
7,39,9632
7,44,8073
7,45,3952
7,46,1679
7,47,5020
7,48,5024
7,49,1384
7,55,9006
7,56,5275
7,57,8165
7,58,3545
7,59,608
7,66,5630
7,67,2769
7,68,460
7,69,8519
7,77,1009
7,78,5528
7,79,3429
7,88,7775
7,89,7646
7,98,7229
7,99,5118
7,100,5520
7,101,4355
7,102,618
7,103,5041
7,104,377
7,105,7688
7,106,2645
7,107,9322
7,108,9731
7,109,7841
8,9,7625
8,11,9068
8,12,8697
8,13,1809
8,14,8639
8,15,3811
8,16,9671
8,17,2334
8,18,3249
8,19,6109
8,22,1007
8,23,758
8,24,7087
8,25,9412
8,26,1441
8,27,4455
8,28,5110
8,29,527
8,33,6996
8,34,4743
8,35,6770
8,36,7545
8,37,7910
8,38,4080
8,39,3667
8,44,9211
8,45,7987
8,46,1430
8,47,5412
8,48,5725
8,49,9367
8,55,1875
8,56,8664
8,57,5061
8,58,9211
8,59,6860
8,66,4984
8,67,9308
8,68,9602
8,69,6369
8,77,4883
8,78,9193
8,79,1421
8,88,3895
8,89,7592
8,99,2008
8,100,8243
8,101,1053
8,102,2142
8,103,530
8,104,395
8,105,3400
8,106,1866
8,107,9826
8,108,5795
8,109,1962
9,11,5081
9,12,9568
9,13,5852
9,14,6974
9,15,7266
9,16,2436
9,17,4008
9,18,6731
9,19,604
9,22,3397
9,23,574
9,24,2647
9,25,3489
9,26,8348
9,27,9946
9,28,271
9,29,3952
9,33,9822
9,34,674
9,35,2348
9,36,9236
9,37,2185
9,38,2752
9,39,7827
9,44,8566
9,45,2177
9,46,2385
9,47,2793
9,48,4352
9,49,3892
9,55,8143
9,56,6172
9,57,6776
9,58,6761
9,59,2399
9,66,836
9,67,6984
9,68,3204
9,69,2446
9,77,1353
9,78,2427
9,79,9255
9,88,7200
9,89,837
9,99,5384
9,100,1024
9,101,9959
9,102,4305
9,103,1090
9,104,305
9,105,9756
9,106,8981
9,107,912
9,108,302
9,109,8418
10,1,7027
10,2,330
10,3,4107
10,4,7901
10,5,15
10,6,1799
10,7,7279
10,8,7911
10,9,6018
10,100,3986
10,101,9183
10,102,2583
10,103,4116
10,104,6004
10,105,3706
10,106,4673
10,107,622
10,108,8766
10,109,9539
11,10,6661
11,12,7408
11,13,3003
11,14,5722
11,15,7152
11,16,4758
11,17,3581
11,18,4592
11,19,5006
11,20,6186
11,21,2087
11,22,3866
11,23,359
11,24,8267
11,25,3532
11,26,5893
11,27,9806
11,28,8723
11,29,4282
11,30,9656
11,31,2917
11,32,3110
11,33,1274
11,34,6736
11,35,79
11,36,847
11,37,4397
11,38,7345
11,39,8815
11,40,7881
11,41,7088
11,42,4296
11,43,5493
11,44,6195
11,45,6550
11,46,7979
11,47,9246
11,48,431
11,49,7156
11,50,221
11,51,5072
11,52,3617
11,53,2010
11,54,5702
11,55,388
11,56,8416
11,57,2027
11,58,4850
11,59,4847
11,60,9662
11,61,9478
11,62,3028
11,63,1906
11,64,3085
11,65,27
11,66,4458
11,67,4565
11,68,6217
11,69,4080
11,70,945
11,71,2391
11,72,7279
11,73,5072
11,74,9914
11,75,9621
11,76,4074
11,77,2992
11,78,4965
11,79,8495
11,80,6192
11,81,4963
11,82,4865
11,83,5088
11,84,7968
11,85,7509
11,86,4065
11,87,8247
11,88,9123
11,89,2257
11,90,356
11,91,5920
11,92,3467
11,93,1558
11,94,2839
11,95,4237
11,96,4333
11,97,9902
11,98,2011
11,99,1820
11,100,1947
11,101,6579
11,102,3802
11,103,5776
11,104,8462
11,105,3555
11,106,2397
11,107,811
11,108,3469
11,109,1823
12,10,7306
12,13,751
12,14,1324
12,15,6555
12,16,5346
12,17,9689
12,18,8801
12,19,4209
12,20,4424
12,21,1254
12,22,9968
12,23,5289
12,24,8166
12,25,4098
12,26,9690
12,27,3042
12,28,9535
12,29,4910
12,30,1464
12,31,8116
12,32,1106
12,33,2703
12,34,6577
12,35,2182
12,36,1822
12,37,927
12,38,6885
12,39,2568
12,40,9723
12,41,8169
12,42,2897
12,43,1897
12,44,3742
12,45,4055
12,46,7601
12,47,306
12,48,6972
12,49,7239
12,50,3423
12,51,251
12,52,2003
12,53,1607
12,54,5724
12,55,3132
12,56,1704
12,57,5283
12,58,5524
12,59,9394
12,60,8409
12,61,1563
12,62,4765
12,63,259
12,64,6668
12,65,3765
12,66,3056
12,67,7132
12,68,4986
12,69,215
12,70,2778
12,71,7031
12,72,6846
12,73,7445
12,74,1889
12,75,6981
12,76,7416
12,77,5764
12,78,4555
12,79,3630
12,80,7762
12,81,5592
12,82,9154
12,83,512
12,84,8198
12,85,4709
12,86,8808
12,87,7165
12,88,3602
12,89,4489
12,90,1454
12,91,7561
12,92,6328
12,93,2225
12,94,1559
12,95,7552
12,96,7837
12,97,8449
12,98,6216
12,99,6310
12,100,166
12,101,2003
12,102,8070
12,103,4987
12,104,4418
12,105,9076
12,106,1608
12,107,5863
12,108,9044
12,109,7431
13,10,7931
13,14,3465
13,15,3314
13,16,2501
13,17,4174
13,18,2068
13,19,8586
13,20,7457
13,21,7088
13,22,6377
13,23,4555
13,24,5032
13,25,6602
13,26,1260
13,27,1632
13,28,7986
13,29,5664
13,30,5175
13,31,9174
13,32,8340
13,33,5634
13,34,4478
13,35,3158
13,36,4226
13,37,934
13,38,8132
13,39,4301
13,40,9217
13,41,6569
13,42,8587
13,43,2424
13,44,3984
13,45,2829
13,46,7807
13,47,407
13,48,8168
13,49,9835
13,50,3635
13,51,8875
13,52,7268
13,53,1507
13,54,3932
13,55,4076
13,56,3736
13,57,8906
13,58,1336
13,59,8998
13,60,1182
13,61,7266
13,62,4843
13,63,4502
13,64,5693
13,65,7092
13,66,2049
13,67,9534
13,68,3428
13,69,5082
13,70,605
13,71,283
13,72,1277
13,73,3238
13,74,5008
13,75,9344
13,76,851
13,77,5727
13,78,928
13,79,7624
13,80,3793
13,81,4636
13,82,9081
13,83,6824
13,84,6406
13,85,5403
13,86,6621
13,87,4473
13,88,4080
13,89,4654
13,90,3139
13,91,7668
13,92,4785
13,93,9860
13,94,5818
13,95,5761
13,96,1312
13,97,6167
13,98,960
13,99,5683
13,100,3826
13,101,135
13,102,5512
13,103,3855
13,104,3947
13,105,5853
13,106,9969
13,107,7746
13,108,704
13,109,2936
14,10,5130
14,15,578
14,16,1841
14,17,8175
14,18,252
14,19,291
14,20,6832
14,21,7074
14,22,3888
14,23,4804
14,24,6747
14,25,1503
14,26,3878
14,27,3458
14,28,2277
14,29,6103
14,30,6349
14,31,9092
14,32,2385
14,33,6744
14,34,6675
14,35,5284
14,36,2624
14,37,8633
14,38,6435
14,39,2948
14,40,3071
14,41,8060
14,42,2385
14,43,6706
14,44,8282
14,45,2388
14,46,483
14,47,4563
14,48,2043
14,49,6627
14,50,6744
14,51,2921
14,52,234
14,53,9400
14,54,4925
14,55,980
14,56,4525
14,57,9874
14,58,5090
14,59,832
14,60,6210
14,61,2194
14,62,3319
14,63,3011
14,64,611
14,65,6191
14,66,8141
14,67,2095
14,68,3309
14,69,8358
14,70,2204
14,71,9769
14,72,9626
14,73,4748
14,74,4205
14,75,5511
14,76,9999
14,77,7753
14,78,991
14,79,4061
14,80,5893
14,81,7618
14,82,7950
14,83,9345
14,84,5659
14,85,3019
14,86,6048
14,87,6983
14,88,4026
14,89,4331
14,90,2584
14,91,2311
14,92,2103
14,93,3813
14,94,3228
14,95,4127
14,96,5455
14,97,3103
14,98,7847
14,99,398
14,100,7599
14,101,482
14,102,1711
14,103,855
14,104,8094
14,105,6851
14,106,2469
14,107,3519
14,108,8388
14,109,7349
15,10,6542
15,16,4049
15,17,18
15,18,7057
15,19,7221
15,20,7178
15,21,8501
15,22,6675
15,23,5386
15,24,6985
15,25,6075
15,26,7373
15,27,4076
15,28,7656
15,29,6531
15,30,1849
15,31,2967
15,32,9868
15,33,7710
15,34,6605
15,35,5814
15,36,6203
15,37,389
15,38,9008
15,39,5701
15,40,5769
15,41,7874
15,42,5177
15,43,4052
15,44,5230
15,45,8974
15,46,6411
15,47,8132
15,48,4486
15,49,4797
15,50,4057
15,51,9101
15,52,2295
15,53,762
15,54,1354
15,55,6826
15,56,2778
15,57,5033
15,58,9149
15,59,6449
15,60,7588
15,61,1927
15,62,855
15,63,7469
15,64,7724
15,65,1976
15,66,2968
15,67,1200
15,68,1333
15,69,4202
15,70,1206
15,71,5051
15,72,2056
15,73,2569
15,74,2026
15,75,1253
15,76,7137
15,77,727
15,78,333
15,79,65
15,80,4871
15,81,4130
15,82,5865
15,83,5489
15,84,6716
15,85,7060
15,86,7943
15,87,7442
15,88,3684
15,89,6225
15,90,4825
15,91,2085
15,92,1347
15,93,1865
15,94,4349
15,95,8814
15,96,2194
15,97,9437
15,98,1627
15,99,1222
15,100,7150
15,101,7581
15,102,6757
15,103,2042
15,104,626
15,105,1047
15,106,648
15,107,7877
15,108,3599
15,109,9336
16,10,1560
16,17,9339
16,18,7591
16,19,9948
16,20,3105
16,21,4494
16,22,9791
16,23,8090
16,24,3109
16,25,5146
16,26,5681
16,27,7511
16,28,9938
16,29,8882
16,30,7557
16,31,918
16,32,7852
16,33,6420
16,34,2521
16,35,2247
16,36,4710
16,37,3771
16,38,4458
16,39,9322
16,40,7267
16,41,8734
16,42,2940
16,43,9922
16,44,1026
16,45,3586
16,46,7556
16,47,5404
16,48,1367
16,49,1105
16,50,9264
16,51,9094
16,52,7493
16,53,1637
16,54,6269
16,55,226
16,56,8497
16,57,1916
16,58,1584
16,59,5798
16,60,6382
16,61,8230
16,62,6463
16,63,2724
16,64,3122
16,65,4725
16,66,5532
16,67,1216
16,68,9186
16,69,2393
16,70,1335
16,71,7509
16,72,630
16,73,2383
16,74,5693
16,75,9156
16,76,6520
16,77,4371
16,78,8278
16,79,5153
16,80,7572
16,81,3223
16,82,9185
16,83,5339
16,84,1794
16,85,4697
16,86,8665
16,87,1009
16,88,7226
16,89,398
16,90,4132
16,91,4822
16,92,6627
16,93,4202
16,94,3033
16,95,2333
16,96,5990
16,97,5126
16,98,3613
16,99,2654
16,100,2546
16,101,1554
16,102,6399
16,103,96
16,104,9004
16,105,6670
16,106,9514
16,107,5372
16,108,6379
16,109,5179
17,10,382
17,18,3348
17,19,3449
17,20,76
17,21,111
17,22,9656
17,23,7636
17,24,6039
17,25,7187
17,26,3144
17,27,88
17,28,2970
17,29,6848
17,30,4085
17,31,4300
17,32,4504
17,33,7238
17,34,7839
17,35,8082
17,36,9346
17,37,1333
17,38,6006
17,39,9885
17,40,4743
17,41,2281
17,42,8553
17,43,4382
17,44,2069
17,45,6054
17,46,2402
17,47,9849
17,48,7478
17,49,5203
17,50,4029
17,51,6600
17,52,237
17,53,1362
17,54,3345
17,55,4909
17,56,4212
17,57,981
17,58,8192
17,59,9754
17,60,6966
17,61,6628
17,62,7202
17,63,3536
17,64,3052
17,65,5876
17,66,130
17,67,2540
17,68,826
17,69,4335
17,70,9250
17,71,8054
17,72,6980
17,73,8066
17,74,7398
17,75,6007
17,76,209
17,77,2721
17,78,1416
17,79,3474
17,80,3242
17,81,4294
17,82,9666
17,83,614
17,84,6824
17,85,1542
17,86,548
17,87,2014
17,88,3797
17,89,3525
17,90,8133
17,91,7741
17,92,9282
17,93,1012
17,94,4070
17,95,2946
17,96,2940
17,97,2547
17,98,879
17,99,2110
17,100,9543
17,101,1620
17,102,973
17,103,6959
17,104,1364
17,105,9901
17,106,8105
17,107,308
17,108,8443
17,109,2449
18,10,9646
18,19,7169
18,20,5995
18,21,1468
18,22,2441
18,23,7047
18,24,2044
18,25,820
18,26,1958
18,27,5500
18,28,8473
18,29,8233
18,30,1770
18,31,2479
18,32,5660
18,33,803
18,34,1170
18,35,2399
18,36,4492
18,37,6671
18,38,8655
18,39,3982
18,40,501
18,41,1196
18,42,9371
18,43,2665
18,44,9229
18,45,758
18,46,1802
18,47,5466
18,48,1492
18,49,617
18,50,5690
18,51,782
18,52,5769
18,53,3413
18,54,1743
18,55,2773
18,56,5396
18,57,8735
18,58,8902
18,59,9026
18,60,5144
18,61,8641
18,62,3246
18,63,56
18,64,5108
18,65,8695
18,66,2403
18,67,5426
18,68,2920
18,69,7891
18,70,1441
18,71,9482
18,72,4636
18,73,3312
18,74,2697
18,75,8327
18,76,9424
18,77,9073
18,78,1845
18,79,335
18,80,4553
18,81,1497
18,82,3416
18,83,7557
18,84,7298
18,85,3688
18,86,2172
18,87,3723
18,88,4009
18,89,1907
18,90,4990
18,91,8199
18,92,8544
18,93,4040
18,94,8471
18,95,1305
18,96,4232
18,97,5426
18,98,3394
18,99,1302
18,100,2568
18,101,269
18,102,4545
18,103,7674
18,104,1358
18,105,8303
18,106,9342
18,107,1200
18,108,5173
18,109,2232
19,10,4060
19,20,1414
19,21,3920
19,22,5754
19,23,8344
19,24,243
19,25,5102
19,26,442
19,27,2937
19,28,6502
19,29,8696
19,30,7730
19,31,7933
19,32,1312
19,33,1622
19,34,2792
19,35,9995
19,36,2273
19,37,8588
19,38,1735
19,39,2426
19,40,2100
19,41,7930
19,42,7932
19,43,9548
19,44,7655
19,45,406
19,46,7777
19,47,5768
19,48,3647
19,49,1631
19,50,2805
19,51,2060
19,52,6546
19,53,8747
19,54,5336
19,55,3916
19,56,1484
19,57,18
19,58,5889
19,59,8856
19,60,9770
19,61,1585
19,62,475
19,63,3209
19,64,9836
19,65,2732
19,66,8113
19,67,6848
19,68,6067
19,69,1628
19,70,7901
19,71,1650
19,72,121
19,73,4320
19,74,5083
19,75,6749
19,76,6976
19,77,6086
19,78,4015
19,79,336
19,80,4182
19,81,7031
19,82,1736
19,83,6280
19,84,6079
19,85,1117
19,86,6236
19,87,9293
19,88,9450
19,89,1901
19,90,2947
19,91,3948
19,92,4035
19,93,8677
19,94,8845
19,95,7477
19,96,6465
19,97,8176
19,98,8162
19,99,2752
19,100,6513
19,101,6695
19,102,5629
19,103,8342
19,104,9327
19,105,116
19,106,8889
19,107,5971
19,108,5493
19,109,9965
20,1,3707
20,2,2854
20,3,1805
20,4,9321
20,5,1596
20,6,8450
20,7,9765
20,8,7491
20,9,72
20,10,6555
20,21,1037
20,22,6350
20,23,2408
20,24,754
20,25,1842
20,26,1577
20,27,6085
20,28,1463
20,29,2200
20,30,5201
20,31,8253
20,32,3978
20,33,490
20,34,4680
20,35,196
20,36,1586
20,37,4389
20,38,6524
20,39,583
20,40,8912
20,41,2687
20,42,796
20,43,8872
20,44,6626
20,45,9069
20,46,8106
20,47,3090
20,48,1310
20,49,2112
20,50,6032
20,51,4443
20,52,9495
20,53,6885
20,54,4178
20,55,1330
20,56,2011
20,57,4451
20,58,3439
20,59,9407
20,60,5551
20,61,4626
20,62,9377
20,63,6240
20,64,3349
20,65,3941
20,66,2935
20,67,8268
20,68,6582
20,69,7766
20,70,4658
20,71,4173
20,72,3947
20,73,6228
20,74,2098
20,75,1280
20,76,5856
20,77,327
20,78,7893
20,79,6095
20,80,3213
20,81,9587
20,82,5481
20,83,2206
20,84,3738
20,85,571
20,86,5570
20,87,2555
20,88,7883
20,89,5910
20,90,9213
20,91,3726
20,92,4847
20,93,8124
20,94,6691
20,95,2493
20,96,8372
20,97,9992
20,98,446
20,99,2981
20,100,4919
20,101,7821
20,102,3570
20,103,9079
20,104,8138
20,105,125
20,106,9096
20,107,174
20,108,7550
20,109,1558
21,10,9883
21,22,1353
21,23,950
21,24,8092
21,25,1488
21,26,9876
21,27,2514
21,28,7427
21,29,7489
21,30,1667
21,31,5508
21,32,4231
21,33,5775
21,34,4450
21,35,2072
21,36,3483
21,37,4207
21,38,2508
21,39,6463
21,40,1408
21,41,4200
21,42,4001
21,43,8535
21,44,636
21,45,8917
21,46,336
21,47,9663
21,48,7135
21,49,2009
21,50,1660
21,51,7024
21,52,2389
21,53,7219
21,54,7084
21,55,9479
21,56,1481
21,57,629
21,58,5730
21,59,9611
21,60,1714
21,61,8497
21,62,6802
21,63,1590
21,64,1635
21,65,4145
21,66,6526
21,67,6459
21,68,1677
21,69,3254
21,70,1710
21,71,7393
21,72,2220
21,73,8363
21,74,9539
21,75,2269
21,76,6792
21,77,8605
21,78,7315
21,79,2138
21,80,8998
21,81,8738
21,82,876
21,83,4340
21,84,7134
21,85,7704
21,86,1390
21,87,4554
21,88,1262
21,89,2460
21,90,980
21,91,2698
21,92,4474
21,93,2653
21,94,9663
21,95,2062
21,96,9446
21,97,9876
21,98,8801
21,99,2852
21,100,3807
21,101,4704
21,102,178
21,103,6294
21,104,4412
21,105,3044
21,106,12
21,107,9316
21,108,211
21,109,8906
22,10,9049
22,23,5834
22,24,8384
22,25,8630
22,26,7575
22,27,9340
22,28,3965
22,29,4692
22,30,7120
22,31,9204
22,32,7911
22,33,8054
22,34,8897
22,35,4393
22,36,4570
22,37,4013
22,38,8337
22,39,2100
22,40,8958
22,41,4138
22,42,9504
22,43,9665
22,44,3615
22,45,3359
22,46,6311
22,47,7641
22,48,1987
22,49,1630
22,50,2788
22,51,1495
22,52,1743
22,53,5352
22,54,7468
22,55,9219
22,56,5245
22,57,593
22,58,614
22,59,1329
22,60,728
22,61,2404
22,62,6577
22,63,6915
22,64,9636
22,65,5554
22,66,1062
22,67,8002
22,68,1774
22,69,16
22,70,3435
22,71,8851
22,72,7203
22,73,7773
22,74,628
22,75,4757
22,76,4650
22,77,3283
22,78,2881
22,79,2419
22,80,7082
22,81,6117
22,82,3594
22,83,7690
22,84,1342
22,85,8599
22,86,9986
22,87,4489
22,88,3753
22,89,4228
22,90,5404
22,91,5152
22,92,2074
22,93,3167
22,94,6834
22,95,9906
22,96,2880
22,97,181
22,98,7052
22,99,5998
22,100,8911
22,101,6858
22,102,1742
22,103,5004
22,104,6011
22,105,5908
22,106,4144
22,107,3598
22,108,5385
22,109,7354
23,10,7954
23,24,6139
23,25,7232
23,26,5067
23,27,297
23,28,4454
23,29,2036
23,30,2344
23,31,4891
23,32,6071
23,33,3642
23,34,6101
23,35,3017
23,36,9188
23,37,5984
23,38,3665
23,39,5647
23,40,2187
23,41,9871
23,42,5092
23,43,8055
23,44,5224
23,45,3735
23,46,2656
23,47,4103
23,48,4668
23,49,2587
23,50,1140
23,51,4066
23,52,9782
23,53,6403
23,54,429
23,55,9902
23,56,9077
23,57,6250
23,58,2173
23,59,6083
23,60,8466
23,61,7540
23,62,4050
23,63,9000
23,64,9566
23,65,3493
23,66,7898
23,67,7050
23,68,8750
23,69,3575
23,70,6224
23,71,2483
23,72,3203
23,73,8161
23,74,9274
23,75,3614
23,76,9115
23,77,2710
23,78,9216
23,79,3454
23,80,3056
23,81,4553
23,82,7799
23,83,5010
23,84,6729
23,85,8204
23,86,7472
23,87,438
23,88,4225
23,89,3923
23,90,4181
23,91,4932
23,92,2650
23,93,2791
23,94,2334
23,95,4872
23,96,6297
23,97,4359
23,98,6870
23,99,296
23,100,4534
23,101,6006
23,102,8117
23,103,7477
23,104,5433
23,105,2154
23,106,8647
23,107,558
23,108,9810
23,109,2872
24,10,1528
24,25,8756
24,26,5562
24,27,5530
24,28,8723
24,29,861
24,30,5210
24,31,767
24,32,7859
24,33,9344
24,34,808
24,35,3430
24,36,870
24,37,6013
24,38,1682
24,39,9861
24,40,3514
24,41,3381
24,42,1309
24,43,377
24,44,9792
24,45,6009
24,46,7893
24,47,5801
24,48,9341
24,49,8663
24,50,7717
24,51,1753
24,52,5367
24,53,9481
24,54,5285
24,55,2463
24,56,5448
24,57,2573
24,58,2792
24,59,3745
24,60,4826
24,61,9952
24,62,9133
24,63,4541
24,64,5977
24,65,6295
24,66,47
24,67,5983
24,68,2862
24,69,3249
24,70,4825
24,71,4733
24,72,9273
24,73,7633
24,74,508
24,75,6687
24,76,880
24,77,4241
24,78,4529
24,79,7246
24,80,5995
24,81,5012
24,82,7628
24,83,1669
24,84,6945
24,85,236
24,86,9973
24,87,422
24,88,9114
24,89,5871
24,90,9722
24,91,8075
24,92,2992
24,93,2156
24,94,2328
24,95,7406
24,96,5245
24,97,4811
24,98,8768
24,99,1515
24,100,9194
24,101,6873
24,102,8888
24,103,1738
24,104,5044
24,105,8087
24,106,687
24,107,4350
24,108,5246
24,109,6817
25,10,2458
25,26,161
25,27,3779
25,28,9374
25,29,7556
25,30,8326
25,31,5780
25,32,9348
25,33,56
25,34,2254
25,35,1860
25,36,131
25,37,2099
25,38,3557
25,39,6082
25,40,8126
25,41,4256
25,42,4856
25,43,6533
25,44,6131
25,45,2727
25,46,5797
25,47,7033
25,48,3924
25,49,3180
25,50,813
25,51,3509
25,52,1066
25,53,267
25,54,4915
25,55,8634
25,56,9427
25,57,7384
25,58,7127
25,59,6040
25,60,277
25,61,2914
25,62,7075
25,63,6055
25,64,9563
25,65,9521
25,66,4045
25,67,1965
25,68,8287
25,69,22
25,70,5762
25,71,7478
25,72,3136
25,73,5073
25,74,9709
25,75,2042
25,76,2867
25,77,9253
25,78,5140
25,79,5119
25,80,1021
25,81,5483
25,82,7358
25,83,1432
25,84,6345
25,85,7145
25,86,4320
25,87,6584
25,88,2149
25,89,6916
25,90,4840
25,91,8539
25,92,6461
25,93,4035
25,94,4088
25,95,5221
25,96,832
25,97,3399
25,98,445
25,99,8544
25,100,3069
25,101,3548
25,102,2542
25,103,7971
25,104,1794
25,105,4044
25,106,2835
25,107,266
25,108,8075
25,109,8157
26,10,6034
26,27,5523
26,28,9442
26,29,5436
26,30,5056
26,31,217
26,32,7846
26,33,3811
26,34,54
26,35,9266
26,36,186
26,37,3200
26,38,6454
26,39,2966
26,40,6297
26,41,2019
26,42,7126
26,43,428
26,44,1350
26,45,4020
26,46,6517
26,47,962
26,48,9444
26,49,7854
26,50,7602
26,51,5618
26,52,3186
26,53,280
26,54,2205
26,55,2437
26,56,7616
26,57,3090
26,58,6176
26,59,3312
26,60,8621
26,61,7833
26,62,8156
26,63,8432
26,64,2189
26,65,480
26,66,7271
26,67,5597
26,68,2986
26,69,9036
26,70,6170
26,71,2078
26,72,8430
26,73,72
26,74,9518
26,75,8444
26,76,7577
26,77,4691
26,78,7522
26,79,4835
26,80,3631
26,81,9343
26,82,547
26,83,8074
26,84,1403
26,85,6868
26,86,4442
26,87,3675
26,88,5629
26,89,494
26,90,2486
26,91,8772
26,92,4743
26,93,148
26,94,5330
26,95,2476
26,96,913
26,97,9108
26,98,7993
26,99,837
26,100,8011
26,101,2510
26,102,2562
26,103,6065
26,104,1674
26,105,3644
26,106,3026
26,107,7265
26,108,3904
26,109,373
27,10,6484
27,28,6842
27,29,7934
27,30,8548
27,31,5528
27,32,8360
27,33,6664
27,34,5410
27,35,4457
27,36,896
27,37,7222
27,38,2474
27,39,3924
27,40,6472
27,41,9088
27,42,5724
27,43,6807
27,44,1047
27,45,575
27,46,3260
27,47,3000
27,48,1674
27,49,2099
27,50,5475
27,51,9017
27,52,5144
27,53,9196
27,54,3298
27,55,8339
27,56,3045
27,57,6731
27,58,7738
27,59,4200
27,60,7119
27,61,9521
27,62,5165
27,63,6290
27,64,5481
27,65,5292
27,66,2356
27,67,3784
27,68,3051
27,69,4709
27,70,9207
27,71,828
27,72,3991
27,73,8659
27,74,1934
27,75,7335
27,76,76
27,77,337
27,78,676
27,79,5822
27,80,3835
27,81,6991
27,82,3909
27,83,4636
27,84,9256
27,85,9796
27,86,9154
27,87,6716
27,88,2183
27,89,9271
27,90,3620
27,91,1532
27,92,8057
27,93,6276
27,94,62
27,95,1784
27,96,9211
27,97,1547
27,98,8505
27,99,9604
27,100,3776
27,101,6025
27,102,3402
27,103,6294
27,104,1299
27,105,5978
27,106,9135
27,107,1720
27,108,1717
27,109,4945
28,10,6473
28,29,4061
28,30,4827
28,31,9701
28,32,9214
28,33,3411
28,34,9728
28,35,6502
28,36,3065
28,37,8139
28,38,7661
28,39,2884
28,40,1652
28,41,4438
28,42,5071
28,43,237
28,44,3508
28,45,2836
28,46,7497
28,47,2656
28,48,849
28,49,6919
28,50,647
28,51,7342
28,52,3541
28,53,5747
28,54,3436
28,55,9738
28,56,4604
28,57,909
28,58,113
28,59,2447
28,60,478
28,61,6888
28,62,3780
28,63,7562
28,64,1801
28,65,5833
28,66,9944
28,67,9024
28,68,4790
28,69,8934
28,70,5819
28,71,5602
28,72,1957
28,73,1823
28,74,8206
28,75,61
28,76,8480
28,77,4112
28,78,8579
28,79,3313
28,80,8286
28,81,3950
28,82,1787
28,83,9920
28,84,5071
28,85,5233
28,86,1668
28,87,7778
28,88,234
28,89,1153
28,90,8867
28,91,3109
28,92,6033
28,93,9955
28,94,5339
28,95,3572
28,96,702
28,97,7603
28,98,3139
28,99,4936
28,100,722
28,101,2349
28,102,6774
28,103,3945
28,104,4138
28,105,4310
28,106,3407
28,107,6233
28,108,9120
28,109,4745
29,10,3994
29,30,634
29,31,2255
29,32,7079
29,33,7722
29,34,9891
29,35,9044
29,36,2206
29,37,612
29,38,4354
29,39,6978
29,40,4136
29,41,1496
29,42,1270
29,43,4323
29,44,1474
29,45,4307
29,46,4018
29,47,764
29,48,388
29,49,1193
29,50,5057
29,51,4940
29,52,4674
29,53,2828
29,54,6959
29,55,7811
29,56,6972
29,57,5275
29,58,702
29,59,3324
29,60,6500
29,61,5070
29,62,554
29,63,2585
29,64,4134
29,65,7914
29,66,9047
29,67,2776
29,68,86
29,69,6
29,70,3103
29,71,1665
29,72,6812
29,73,9596
29,74,6693
29,75,1638
29,76,7878
29,77,2328
29,78,8113
29,79,560
29,80,7597
29,81,774
29,82,9336
29,83,3225
29,84,928
29,85,9218
29,86,2876
29,87,9804
29,88,7950
29,89,4598
29,90,8500
29,91,7006
29,92,7625
29,93,1672
29,94,9738
29,95,2743
29,96,5274
29,97,3346
29,98,8191
29,99,6474
29,100,8136
29,101,1017
29,102,8523
29,103,6325
29,104,7070
29,105,9212
29,106,4348
29,107,4514
29,108,5802
29,109,2343
30,1,4445
30,2,3798
30,3,8887
30,4,4102
30,5,46
30,6,9917
30,7,6289
30,8,3401
30,9,8494
30,10,2490
30,31,5921
30,32,7874
30,33,5942
30,34,6228
30,35,5350
30,36,2746
30,37,5097
30,38,552
30,39,6638
30,40,2456
30,41,7117
30,42,2723
30,43,9130
30,44,7058
30,45,34
30,46,203
30,47,5861
30,48,4804
30,49,775
30,50,9377
30,51,1821
30,52,7420
30,53,1212
30,54,1476
30,55,8423
30,56,3575
30,57,9117
30,58,8851
30,59,6753
30,60,5999
30,61,7569
30,62,6929
30,63,9072
30,64,9171
30,65,8471
30,66,2253
30,67,4170
30,68,5420
30,69,615
30,70,8460
30,71,8428
30,72,865
30,73,8993
30,74,2141
30,75,2289
30,76,1739
30,77,6648
30,78,9803
30,79,5918
30,80,1613
30,81,5497
30,82,2037
30,83,809
30,84,8346
30,85,5336
30,86,4792
30,87,318
30,88,278
30,89,1030
30,90,4108
30,91,2550
30,92,7095
30,93,7535
30,94,3552
30,95,3869
30,96,8316
30,97,7520
30,98,5413
30,99,5988
30,100,2261
30,101,4401
30,102,3416
30,103,4781
30,104,4802
30,105,21
30,106,9543
30,107,6960
30,108,6626
30,109,9764
31,10,8132
31,32,3522
31,33,2760
31,34,4764
31,35,5421
31,36,500
31,37,6570
31,38,5470
31,39,2717
31,40,7586
31,41,6906
31,42,1757
31,43,9319
31,44,3664
31,45,3362
31,46,7856
31,47,5228
31,48,3082
31,49,7910
31,50,5163
31,51,3361
31,52,5271
31,53,2597
31,54,2610
31,55,6104
31,56,485
31,57,9728
31,58,7834
31,59,2801
31,60,6618
31,61,5503
31,62,3110
31,63,9881
31,64,9906
31,65,9673
31,66,75
31,67,7839
31,68,5036
31,69,6764
31,70,776
31,71,5935
31,72,8381
31,73,1940
31,74,1423
31,75,7759
31,76,1240
31,77,3549
31,78,3057
31,79,8831
31,80,4129
31,81,2850
31,82,3522
31,83,5125
31,84,7515
31,85,3695
31,86,3067
31,87,5186
31,88,2780
31,89,8427
31,90,3215
31,91,4532
31,92,143
31,93,8913
31,94,3668
31,95,4416
31,96,5914
31,97,6086
31,98,4209
31,99,4117
31,100,5310
31,101,2939
31,102,2154
31,103,5943
31,104,3839
31,105,3363
31,106,5808
31,107,1878
31,108,5483
31,109,2499
32,10,6124
32,33,2049
32,34,4389
32,35,5540
32,36,4945
32,37,1587
32,38,7561
32,39,9640
32,40,5389
32,41,846
32,42,7162
32,43,7348
32,44,3867
32,45,6391
32,46,2805
32,47,20
32,48,557
32,49,3997
32,50,2474
32,51,2293
32,52,3249
32,53,9158
32,54,5320
32,55,1803
32,56,8083
32,57,3688
32,58,4586
32,59,2432
32,60,8984
32,61,2595
32,62,6024
32,63,9568
32,64,228
32,65,1957
32,66,8965
32,67,7770
32,68,6233
32,69,5982
32,70,6042
32,71,3051
32,72,2974
32,73,8824
32,74,947
32,75,2472
32,76,4833
32,77,9294
32,78,3412
32,79,7080
32,80,9630
32,81,1234
32,82,9950
32,83,7338
32,84,1250
32,85,5169
32,86,9487
32,87,8427
32,88,2597
32,89,7995
32,90,1593
32,91,59
32,92,5098
32,93,1869
32,94,1310
32,95,9114
32,96,3838
32,97,9471
32,98,7116
32,99,4928
32,100,743
32,101,9471
32,102,4348
32,103,976
32,104,4121
32,105,5970
32,106,6942
32,107,3689
32,108,9182
32,109,8339
33,10,5740
33,34,365
33,35,249
33,36,1265
33,37,1413
33,38,5432
33,39,17
33,40,8792
33,41,1654
33,42,6219
33,43,1224
33,44,3751
33,45,317
33,46,6826
33,47,65
33,48,2814
33,49,4874
33,50,2682
33,51,6479
33,52,7125
33,53,2354
33,54,9568
33,55,6325
33,56,9635
33,57,2989
33,58,6961
33,59,9975
33,60,662
33,61,6275
33,62,7991
33,63,2154
33,64,2537
33,65,6309
33,66,6008
33,67,5469
33,68,3848
33,69,1345
33,70,6427
33,71,4374
33,72,7188
33,73,8430
33,74,6338
33,75,4619
33,76,852
33,77,1349
33,78,2423
33,79,8771
33,80,2195
33,81,9319
33,82,5982
33,83,3063
33,84,6158
33,85,6270
33,86,517
33,87,9507
33,88,602
33,89,8344
33,90,4159
33,91,7726
33,92,2969
33,93,8410
33,94,2881
33,95,6745
33,96,8753
33,97,7188
33,98,7635
33,99,8180
33,100,4371
33,101,4828
33,102,7060
33,103,600
33,104,5316
33,105,9608
33,106,6766
33,107,2933
33,108,2658
33,109,1970
34,10,5902
34,35,204
34,36,7968
34,37,8164
34,38,9950
34,39,177
34,40,7768
34,41,5265
34,42,367
34,43,7103
34,44,8147
34,45,4690
34,46,4480
34,47,6262
34,48,4501
34,49,8003
34,50,2325
34,51,4879
34,52,8474
34,53,8609
34,54,1515
34,55,4389
34,56,2377
34,57,2068
34,58,2117
34,59,6960
34,60,8100
34,61,5598
34,62,6411
34,63,3414
34,64,498
34,65,5853
34,66,3021
34,67,1590
34,68,7226
34,69,1248
34,70,1984
34,71,9229
34,72,8963
34,73,3670
34,74,7716
34,75,2666
34,76,526
34,77,8689
34,78,1789
34,79,800
34,80,5568
34,81,7654
34,82,6256
34,83,1991
34,84,7404
34,85,6385
34,86,206
34,87,2742
34,88,5943
34,89,1155
34,90,6485
34,91,7115
34,92,4234
34,93,3433
34,94,9678
34,95,6158
34,96,8332
34,97,7951
34,98,7538
34,99,9512
34,100,1483
34,101,9429
34,102,4174
34,103,7621
34,104,1168
34,105,1874
34,106,526
34,107,6735
34,108,9627
34,109,671
35,10,9179
35,36,1981
35,37,1633
35,38,5632
35,39,174
35,40,5557
35,41,7861
35,42,2166
35,43,7687
35,44,5000
35,45,1117
35,46,9725
35,47,6427
35,48,5399
35,49,5109
35,50,9681
35,51,5971
35,52,3878
35,53,9126
35,54,9761
35,55,57
35,56,5633
35,57,1830
35,58,7908
35,59,8686
35,60,9168
35,61,95
35,62,3298
35,63,8163
35,64,9884
35,65,8988
35,66,4514
35,67,2540
35,68,1894
35,69,3776
35,70,9778
35,71,8975
35,72,7717
35,73,5693
35,74,3847
35,75,7944
35,76,4277
35,77,183
35,78,8939
35,79,6989
35,80,4170
35,81,6914
35,82,1041
35,83,2294
35,84,2992
35,85,7477
35,86,4069
35,87,151
35,88,1024
35,89,7953
35,90,7189
35,91,9786
35,92,7955
35,93,9283
35,94,4918
35,95,3262
35,96,2325
35,97,8595
35,98,3066
35,99,2051
35,100,5309
35,101,5347
35,102,6048
35,103,5492
35,104,1250
35,105,8251
35,106,9069
35,107,5600
35,108,6902
35,109,9240
36,10,3441
36,37,3167
36,38,3706
36,39,8835
36,40,5926
36,41,7554
36,42,6921
36,43,5629
36,44,1612
36,45,5965
36,46,1154
36,47,2234
36,48,2781
36,49,8991
36,50,5189
36,51,7928
36,52,8905
36,53,5715
36,54,6745
36,55,5798
36,56,5270
36,57,1032
36,58,901
36,59,5214
36,60,2856
36,61,6770
36,62,8661
36,63,4010
36,64,8574
36,65,9735
36,66,2597
36,67,9837
36,68,3542
36,69,7226
36,70,2747
36,71,6596
36,72,3375
36,73,3891
36,74,5266
36,75,3878
36,76,5241
36,77,1663
36,78,2657
36,79,8329
36,80,689
36,81,1176
36,82,6530
36,83,9463
36,84,8371
36,85,4206
36,86,5868
36,87,447
36,88,6262
36,89,8355
36,90,2477
36,91,4631
36,92,3147
36,93,1697
36,94,1962
36,95,2019
36,96,3706
36,97,382
36,98,6358
36,99,7436
36,100,2313
36,101,3696
36,102,9585
36,103,867
36,104,518
36,105,5865
36,106,8799
36,107,4851
36,108,3580
36,109,9931
37,10,219
37,38,9069
37,39,3025
37,40,3153
37,41,6843
37,42,4765
37,43,5816
37,44,4054
37,45,7112
37,46,3600
37,47,6641
37,48,7376
37,49,7992
37,50,5058
37,51,4663
37,52,10
37,53,7131
37,54,8709
37,55,5128
37,56,1682
37,57,5891
37,58,3206
37,59,9625
37,60,9634
37,61,2969
37,62,8214
37,63,4579
37,64,2527
37,65,7089
37,66,8581
37,67,3783
37,68,1994
37,69,9143
37,70,5509
37,71,5442
37,72,4197
37,73,8053
37,74,4764
37,75,2815
37,76,908
37,77,534
37,78,2874
37,79,8684
37,80,1323
37,81,108
37,82,7113
37,83,249
37,84,5868
37,85,1734
37,86,1113
37,87,7491
37,88,2951
37,89,8662
37,90,7373
37,91,8627
37,92,5944
37,93,5175
37,94,9620
37,95,2626
37,96,8668
37,97,7054
37,98,6011
37,99,469
37,100,7033
37,101,1311
37,102,8147
37,103,9276
37,104,5586
37,105,9475
37,106,6206
37,107,9058
37,108,30
37,109,2739
38,10,8314
38,39,4094
38,40,7132
38,41,1734
38,42,312
38,43,5559
38,44,2039
38,45,9140
38,46,6165
38,47,7340
38,48,415
38,49,2881
38,50,604
38,51,4354
38,52,7250
38,53,5635
38,54,7503
38,55,9384
38,56,5973
38,57,2021
38,58,1642
38,59,2435
38,60,8465
38,61,9302
38,62,2997
38,63,5372
38,64,8023
38,65,8217
38,66,4202
38,67,7302
38,68,8050
38,69,3357
38,70,4861
38,71,9176
38,72,9692
38,73,4013
38,74,9531
38,75,7336
38,76,9105
38,77,3516
38,78,4279
38,79,7058
38,80,4531
38,81,3498
38,82,8329
38,83,886
38,84,1030
38,85,9676
38,86,4930
38,87,7825
38,88,7703
38,89,8199
38,90,3615
38,91,5433
38,92,9245
38,93,334
38,94,2135
38,95,6149
38,96,9753
38,97,7896
38,98,3769
38,99,7571
38,100,6313
38,101,2567
38,102,5291
38,103,1980
38,104,702
38,105,8201
38,106,352
38,107,2570
38,108,1650
38,109,7805
39,10,7724
39,40,85
39,41,8157
39,42,7867
39,43,9678
39,44,4141
39,45,1596
39,46,8067
39,47,7885
39,48,9977
39,49,2505
39,50,4347
39,51,4234
39,52,2220
39,53,909
39,54,8925
39,55,482
39,56,6045
39,57,3498
39,58,616
39,59,6602
39,60,9190
39,61,6176
39,62,6366
39,63,8984
39,64,4417
39,65,4977
39,66,2853
39,67,4625
39,68,5517
39,69,4734
39,70,7593
39,71,2407
39,72,3191
39,73,896
39,74,180
39,75,5203
39,76,6425
39,77,1994
39,78,3073
39,79,1055
39,80,6432
39,81,9715
39,82,7068
39,83,679
39,84,4889
39,85,3186
39,86,5048
39,87,9480
39,88,575
39,89,5678
39,90,1587
39,91,8983
39,92,2081
39,93,3967
39,94,4727
39,95,6420
39,96,6482
39,97,3308
39,98,3306
39,99,3987
39,100,586
39,101,2334
39,102,4242
39,103,7660
39,104,906
39,105,6001
39,106,720
39,107,1861
39,108,2083
39,109,322
40,1,5418
40,2,5572
40,3,6244
40,4,8247
40,5,7342
40,6,8915
40,7,770
40,8,3363
40,9,7685
40,10,9585
40,41,4176
40,42,4035
40,43,3805
40,44,2889
40,45,5408
40,46,4444
40,47,3655
40,48,8324
40,49,8357
40,50,6473
40,51,3107
40,52,4887
40,53,1638
40,54,520
40,55,2134
40,56,3878
40,57,8615
40,58,2267
40,59,9414
40,60,6324
40,61,5400
40,62,764
40,63,7215
40,64,4140
40,65,8827
40,66,2227
40,67,8810
40,68,9001
40,69,1576
40,70,4353
40,71,9839
40,72,6215
40,73,1752
40,74,7702
40,75,7427
40,76,2839
40,77,641
40,78,8777
40,79,6151
40,80,4903
40,81,1194
40,82,9750
40,83,756
40,84,6043
40,85,4215
40,86,5917
40,87,978
40,88,7884
40,89,6621
40,90,125
40,91,2652
40,92,803
40,93,6717
40,94,6931
40,95,6150
40,96,9588
40,97,7873
40,98,3993
40,99,2559
40,100,5622
40,101,4203
40,102,8014
40,103,8348
40,104,3734
40,105,8187
40,106,6028
40,107,4452
40,108,5254
40,109,1035
41,10,5949
41,42,4026
41,43,9031
41,44,3980
41,45,4845
41,46,6280
41,47,1746
41,48,52
41,49,8277
41,50,8778
41,51,6739
41,52,3594
41,53,393
41,54,7196
41,55,4411
41,56,8712
41,57,4010
41,58,1651
41,59,5155
41,60,5506
41,61,960
41,62,663
41,63,6646
41,64,1350
41,65,9296
41,66,4154
41,67,5751
41,68,6599
41,69,1561
41,70,8841
41,71,9522
41,72,966
41,73,9579
41,74,3893
41,75,488
41,76,6237
41,77,1715
41,78,8488
41,79,6184
41,80,3236
41,81,8907
41,82,7812
41,83,2828
41,84,2113
41,85,3418
41,86,1629
41,87,7143
41,88,7972
41,89,417
41,90,620
41,91,6507
41,92,573
41,93,1408
41,94,7600
41,95,5242
41,96,1379
41,97,8286
41,98,7801
41,99,3407
41,100,4676
41,101,4191
41,102,2463
41,103,5592
41,104,6507
41,105,8716
41,106,5589
41,107,2805
41,108,8598
41,109,4652
42,10,9213
42,43,1753
42,44,8621
42,45,211
42,46,2034
42,47,9018
42,48,2115
42,49,9672
42,50,3281
42,51,9914
42,52,4878
42,53,2978
42,54,9977
42,55,8387
42,56,2410
42,57,546
42,58,8744
42,59,8212
42,60,2442
42,61,3495
42,62,604
42,63,3374
42,64,1391
42,65,4280
42,66,9656
42,67,6365
42,68,7779
42,69,9761
42,70,8474
42,71,5078
42,72,9036
42,73,5685
42,74,4508
42,75,2623
42,76,4090
42,77,8212
42,78,4664
42,79,2753
42,80,8042
42,81,1019
42,82,918
42,83,939
42,84,3063
42,85,5544
42,86,2697
42,87,4445
42,88,7009
42,89,7857
42,90,8122
42,91,5939
42,92,9999
42,93,717
42,94,9410
42,95,31
42,96,2648
42,97,7909
42,98,6087
42,99,5935
42,100,2989
42,101,2660
42,102,3552
42,103,7980
42,104,6321
42,105,4545
42,106,4015
42,107,5040
42,108,650
42,109,5599
43,10,4272
43,44,7938
43,45,9647
43,46,1891
43,47,6351
43,48,6853
43,49,2411
43,50,5972
43,51,8926
43,52,9596
43,53,4367
43,54,8539
43,55,4060
43,56,8651
43,57,5038
43,58,8721
43,59,8129
43,60,1586
43,61,6497
43,62,5541
43,63,8204
43,64,6510
43,65,4629
43,66,3400
43,67,248
43,68,9072
43,69,1438
43,70,6274
43,71,2883
43,72,2367
43,73,3261
43,74,8280
43,75,4857
43,76,9035
43,77,7251
43,78,1098
43,79,5529
43,80,9355
43,81,2380
43,82,3555
43,83,7970
43,84,7992
43,85,5798
43,86,8370
43,87,6912
43,88,4173
43,89,9387
43,90,592
43,91,279
43,92,8893
43,93,9095
43,94,8954
43,95,9131
43,96,9748
43,97,6129
43,98,4996
43,99,9635
43,100,7799
43,101,463
43,102,7865
43,103,2507
43,104,1125
43,105,1044
43,106,7463
43,107,9221
43,108,2376
43,109,775
44,10,2399
44,45,2990
44,46,1952
44,47,9044
44,48,131
44,49,1966
44,50,3067
44,51,5714
44,52,2370
44,53,731
44,54,8785
44,55,9180
44,56,9862
44,57,8675
44,58,5648
44,59,804
44,60,4805
44,61,1545
44,62,6669
44,63,4203
44,64,5395
44,65,2729
44,66,755
44,67,7269
44,68,5994
44,69,273
44,70,5656
44,71,95
44,72,2966
44,73,9435
44,74,8031
44,75,5902
44,76,4528
44,77,9592
44,78,8560
44,79,4132
44,80,5151
44,81,894
44,82,1619
44,83,158
44,84,170
44,85,1693
44,86,2871
44,87,4776
44,88,9761
44,89,3748
44,90,2326
44,91,9501
44,92,2110
44,93,1466
44,94,1321
44,95,7312
44,96,2804
44,97,7999
44,98,5127
44,99,5858
44,100,2465
44,101,5646
44,102,7858
44,103,1588
44,104,5515
44,105,2522
44,106,9023
44,107,2500
44,108,1204
44,109,799
45,10,2233
45,46,6638
45,47,7019
45,48,4879
45,49,1325
45,50,4345
45,51,1668
45,52,2298
45,53,6816
45,54,64
45,55,1683
45,56,588
45,57,3340
45,58,1838
45,59,515
45,60,7694
45,61,9722
45,62,8095
45,63,3791
45,64,7648
45,65,7781
45,66,3538
45,67,2355
45,68,5981
45,69,2956
45,70,4211
45,71,8886
45,72,5293
45,73,7566
45,74,1786
45,75,7336
45,76,7541
45,77,2809
45,78,9199
45,79,3556
45,80,6984
45,81,1822
45,82,3490
45,83,9446
45,84,597
45,85,6926
45,86,9
45,87,262
45,88,1108
45,89,5731
45,90,6296
45,91,2762
45,92,4194
45,93,1200
45,94,9456
45,95,7887
45,96,2020
45,97,5265
45,98,5950
45,99,3012
45,100,7506
45,101,2134
45,102,3476
45,103,1228
45,104,9271
45,105,7279
45,106,1140
45,107,3731
45,108,6058
45,109,3292
46,10,5270
46,47,7933
46,48,4933
46,49,5331
46,50,4534
46,51,6112
46,52,7591
46,53,3521
46,54,9282
46,55,5407
46,56,6142
46,57,6487
46,58,8438
46,59,9532
46,60,7480
46,61,6267
46,62,6746
46,63,2032
46,64,3465
46,65,9191
46,66,6788
46,67,5565
46,68,8475
46,69,8725
46,70,6900
46,71,6267
46,72,7259
46,73,6196
46,74,5324
46,75,1962
46,76,5950
46,77,9223
46,78,6318
46,79,7727
46,80,5881
46,81,2502
46,82,7041
46,83,6622
46,84,6775
46,85,2592
46,86,6402
46,87,1802
46,88,3772
46,89,7363
46,90,3912
46,91,3653
46,92,8728
46,93,9623
46,94,2781
46,95,3337
46,96,3360
46,97,5218
46,98,3214
46,99,6543
46,100,6790
46,101,7700
46,102,7109
46,103,9544
46,104,7265
46,105,6335
46,106,6210
46,107,7037
46,108,4218
46,109,8535
47,10,2105
47,48,5006
47,49,4538
47,50,8846
47,51,7052
47,52,8048
47,53,4683
47,54,2782
47,55,411
47,56,6067
47,57,5321
47,58,5928
47,59,5947
47,60,680
47,61,9184
47,62,6487
47,63,9585
47,64,9497
47,65,1736
47,66,9707
47,67,9756
47,68,7833
47,69,7032
47,70,1686
47,71,7641
47,72,6133
47,73,5090
47,74,6569
47,75,9686
47,76,6294
47,77,8460
47,78,1932
47,79,9003
47,80,4570
47,81,3374
47,82,1898
47,83,7309
47,84,7408
47,85,6777
47,86,8797
47,87,3768
47,88,1480
47,89,1777
47,90,3146
47,91,9447
47,92,2372
47,93,9814
47,94,5788
47,95,8511
47,96,1850
47,97,4971
47,98,2724
47,99,3370
47,100,6805
47,101,3004
47,102,1259
47,103,177
47,104,8551
47,105,2239
47,106,3742
47,107,4650
47,108,2814
47,109,7889
48,10,2686
48,49,7840
48,50,6419
48,51,2260
48,52,5530
48,53,4245
48,54,1420
48,55,4548
48,56,367
48,57,906
48,58,2806
48,59,7813
48,60,2965
48,61,3688
48,62,4104
48,63,6363
48,64,1470
48,65,5861
48,66,8635
48,67,9299
48,68,7416
48,69,7538
48,70,9149
48,71,1013
48,72,8334
48,73,660
48,74,6786
48,75,3994
48,76,6612
48,77,3878
48,78,1888
48,79,9293
48,80,6824
48,81,1881
48,82,5764
48,83,2965
48,84,1411
48,85,8019
48,86,5330
48,87,2424
48,88,6301
48,89,2038
48,90,3207
48,91,1661
48,92,7193
48,93,1110
48,94,8160
48,95,1592
48,96,9100
48,97,86
48,98,2980
48,99,5973
48,100,1186
48,101,8913
48,102,2632
48,103,9821
48,104,7751
48,105,8079
48,106,8413
48,107,2776
48,108,2547
48,109,3957
49,10,2996
49,50,6053
49,51,1349
49,52,7589
49,53,4263
49,54,5554
49,55,7322
49,56,8922
49,57,691
49,58,4209
49,59,949
49,60,2716
49,61,7820
49,62,7932
49,63,1623
49,64,7767
49,65,6048
49,66,6393
49,67,1210
49,68,5845
49,69,8003
49,70,7066
49,71,9597
49,72,7018
49,73,3670
49,74,7896
49,75,3370
49,76,907
49,77,6320
49,78,2848
49,79,6697
49,80,8621
49,81,9179
49,82,2061
49,83,6954
49,84,8581
49,85,3834
49,86,6908
49,87,9631
49,88,8121
49,89,4568
49,90,5400
49,91,9634
49,92,5039
49,93,3694
49,94,6075
49,95,204
49,96,8708
49,97,3498
49,98,5722
49,99,983
49,100,9052
49,101,1015
49,102,3469
49,103,8059
49,104,2958
49,105,307
49,106,8697
49,107,2291
49,108,9132
49,109,995
50,1,1430
50,2,4662
50,3,5381
50,4,4905
50,5,3912
50,6,483
50,7,9188
50,8,1249
50,9,9522
50,10,3138
50,51,6377
50,52,7344
50,53,4421
50,54,3162
50,55,9085
50,56,1039
50,57,8376
50,58,7936
50,59,7101
50,60,7027
50,61,6958
50,62,6246
50,63,4697
50,64,1522
50,65,5868
50,66,4564
50,67,3947
50,68,6917
50,69,809
50,70,6007
50,71,7487
50,72,7333
50,73,8710
50,74,8100
50,75,6298
50,76,6731
50,77,9961
50,78,7865
50,79,8183
50,80,4879
50,81,762
50,82,3138
50,83,16
50,84,6744
50,85,912
50,86,6030
50,87,3080
50,88,4232
50,89,8649
50,90,1058
50,91,5552
50,92,7559
50,93,2288
50,94,7807
50,95,4874
50,96,7385
50,97,610
50,98,3365
50,99,8147
50,100,7622
50,101,7638
50,102,2280
50,103,5058
50,104,3338
50,105,8723
50,106,5444
50,107,5589
50,108,6406
50,109,4588
51,10,2052
51,52,3572
51,53,8702
51,54,4879
51,55,5561
51,56,6773
51,57,4826
51,58,5888
51,59,4914
51,60,6518
51,61,7233
51,62,1463
51,63,2197
51,64,5099
51,65,3339
51,66,5161
51,67,9377
51,68,3828
51,69,9135
51,70,7530
51,71,578
51,72,6802
51,73,506
51,74,6211
51,75,4736
51,76,2828
51,77,2013
51,78,3101
51,79,9319
51,80,7266
51,81,4390
51,82,8728
51,83,1470
51,84,2754
51,85,5344
51,86,5691
51,87,9493
51,88,6429
51,89,2325
51,90,2021
51,91,6065
51,92,736
51,93,8476
51,94,7374
51,95,4017
51,96,3030
51,97,2125
51,98,777
51,99,6065
51,100,8710
51,101,4759
51,102,3788
51,103,5709
51,104,7369
51,105,4923
51,106,5834
51,107,5657
51,108,6316
51,109,9819
52,10,6160
52,53,4560
52,54,5355
52,55,5518
52,56,7953
52,57,9371
52,58,1010
52,59,9349
52,60,6358
52,61,4372
52,62,4584
52,63,1496
52,64,7773
52,65,3918
52,66,921
52,67,5069
52,68,1663
52,69,258
52,70,4613
52,71,1433
52,72,476
52,73,5641
52,74,9848
52,75,2628
52,76,7953
52,77,8809
52,78,6934
52,79,8822
52,80,8024
52,81,6864
52,82,4173
52,83,9167
52,84,7937
52,85,5067
52,86,9059
52,87,7816
52,88,6558
52,89,1082
52,90,9571
52,91,1666
52,92,6302
52,93,3889
52,94,7777
52,95,4056
52,96,220
52,97,2476
52,98,2571
52,99,3352
52,100,1589
52,101,3298
52,102,9899
52,103,3912
52,104,7938
52,105,8079
52,106,9882
52,107,4021
52,108,1802
52,109,1965
53,10,565
53,54,4389
53,55,8117
53,56,8172
53,57,3133
53,58,4464
53,59,9576
53,60,6958
53,61,7290
53,62,5458
53,63,8911
53,64,512
53,65,3352
53,66,2104
53,67,4009
53,68,7509
53,69,5490
53,70,1049
53,71,6366
53,72,98
53,73,3555
53,74,3463
53,75,9663
53,76,1145
53,77,6806
53,78,5916
53,79,4460
53,80,2236
53,81,8103
53,82,9948
53,83,6931
53,84,58
53,85,7660
53,86,1410
53,87,1275
53,88,4984
53,89,9394
53,90,1115
53,91,3015
53,92,1469
53,93,4844
53,94,4497
53,95,7617
53,96,75
53,97,3680
53,98,8685
53,99,2435
53,100,8264
53,101,2492
53,102,1205
53,103,9458
53,104,1346
53,105,5777
53,106,7683
53,107,2905
53,108,5775
53,109,7351
54,10,4497
54,55,6076
54,56,1385
54,57,6608
54,58,7841
54,59,709
54,60,1336
54,61,6289
54,62,6677
54,63,7034
54,64,8576
54,65,7205
54,66,173
54,67,5241
54,68,4706
54,69,3010
54,70,2576
54,71,4631
54,72,7407
54,73,9612
54,74,501
54,75,1613
54,76,6798
54,77,6062
54,78,7927
54,79,4517
54,80,5494
54,81,5246
54,82,6822
54,83,9896
54,84,8673
54,85,2236
54,86,4449
54,87,8067
54,88,9857
54,89,8387
54,90,7308
54,91,1490
54,92,768
54,93,5033
54,94,7743
54,95,928
54,96,5139
54,97,6822
54,98,5403
54,99,8601
54,100,6827
54,101,2127
54,102,5417
54,103,1971
54,104,5876
54,105,1608
54,106,4062
54,107,4848
54,108,5940
54,109,8734
55,10,4453
55,56,9227
55,57,4418
55,58,4867
55,59,6508
55,60,6939
55,61,357
55,62,8018
55,63,9991
55,64,1784
55,65,5737
55,66,3617
55,67,7962
55,68,8453
55,69,5794
55,70,3657
55,71,9601
55,72,1392
55,73,8276
55,74,5623
55,75,4944
55,76,4604
55,77,7090
55,78,806
55,79,3548
55,80,8207
55,81,1986
55,82,2234
55,83,5299
55,84,2726
55,85,139
55,86,1966
55,87,9646
55,88,1278
55,89,3588
55,90,8560
55,91,5385
55,92,5498
55,93,3326
55,94,5155
55,95,5185
55,96,2885
55,97,4808
55,98,1438
55,99,3792
55,100,4001
55,101,2559
55,102,9160
55,103,6601
55,104,1375
55,105,4706
55,106,556
55,107,429
55,108,6812
55,109,7394
56,10,4761
56,57,9642
56,58,157
56,59,562
56,60,6309
56,61,9785
56,62,9210
56,63,5172
56,64,1104
56,65,8488
56,66,5308
56,67,2185
56,68,1508
56,69,7778
56,70,6044
56,71,4937
56,72,51
56,73,6814
56,74,6782
56,75,2883
56,76,7368
56,77,6457
56,78,6250
56,79,8558
56,80,3485
56,81,3767
56,82,6868
56,83,46
56,84,971
56,85,888
56,86,2860
56,87,6622
56,88,2240
56,89,145
56,90,4147
56,91,8509
56,92,7747
56,93,8107
56,94,5200
56,95,1538
56,96,3864
56,97,4524
56,98,7111
56,99,2752
56,100,9267
56,101,6724
56,102,639
56,103,8473
56,104,525
56,105,9400
56,106,7060
56,107,8599
56,108,6775
56,109,4127
57,10,6191
57,58,3879
57,59,5273
57,60,1842
57,61,8250
57,62,6813
57,63,5479
57,64,1676
57,65,5771
57,66,9372
57,67,9465
57,68,2566
57,69,8203
57,70,8643
57,71,8866
57,72,3721
57,73,5512
57,74,2062
57,75,5360
57,76,9564
57,77,9878
57,78,9404
57,79,2434
57,80,5088
57,81,9299
57,82,8049
57,83,5017
57,84,334
57,85,2234
57,86,7604
57,87,2716
57,88,4671
57,89,5398
57,90,7842
57,91,7213
57,92,9275
57,93,1327
57,94,7748
57,95,7392
57,96,2371
57,97,4183
57,98,5573
57,99,8271
57,100,116
57,101,2070
57,102,7864
57,103,7163
57,104,5594
57,105,8464
57,106,9090
57,107,7313
57,108,6350
57,109,369
58,10,8447
58,59,9157
58,60,8844
58,61,3390
58,62,2096
58,63,3775
58,64,8261
58,65,490
58,66,9152
58,67,4812
58,68,8619
58,69,4008
58,70,1260
58,71,9112
58,72,5456
58,73,1956
58,74,4759
58,75,8823
58,76,1459
58,77,6121
58,78,2953
58,79,6044
58,80,26
58,81,9253
58,82,8726
58,83,6479
58,84,6044
58,85,3482
58,86,4982
58,87,8078
58,88,7097
58,89,4812
58,90,2472
58,91,3597
58,92,5399
58,93,6047
58,94,1002
58,95,8724
58,96,684
58,97,3598
58,98,6359
58,99,294
58,100,7631
58,101,3642
58,102,1055
58,103,6528
58,104,2960
58,105,3566
58,106,4369
58,107,1981
58,108,1707
58,109,7677
59,10,9169
59,60,9868
59,61,6797
59,62,2956
59,63,3882
59,64,5041
59,65,9349
59,66,6423
59,67,1154
59,68,851
59,69,7882
59,70,3642
59,71,1219
59,72,9004
59,73,7888
59,74,1570
59,75,1679
59,76,2597
59,77,734
59,78,7430
59,79,6112
59,80,2622
59,81,2527
59,82,2742
59,83,900
59,84,292
59,85,7091
59,86,4684
59,87,7255
59,88,3793
59,89,7164
59,90,1586
59,91,110
59,92,938
59,93,979
59,94,4021
59,95,7287
59,96,599
59,97,946
59,98,6152
59,99,7269
59,100,5714
59,101,6439
59,102,5421
59,103,8632
59,104,894
59,105,3042
59,106,1705
59,107,4055
59,108,1753
59,109,7843
60,1,900
60,2,7629
60,3,9845
60,4,34
60,5,467
60,6,8861
60,7,9254
60,8,2949
60,9,4207
60,10,7096
60,61,3851
60,62,446
60,63,8518
60,64,317
60,65,1662
60,66,3854
60,67,1173
60,68,2200
60,69,5918
60,70,6483
60,71,955
60,72,7227
60,73,6556
60,74,9787
60,75,7037
60,76,2505
60,77,9341
60,78,6647
60,79,2141
60,80,1574
60,81,4239
60,82,3848
60,83,3638
60,84,1496
60,85,7046
60,86,3453
60,87,2695
60,88,6308
60,89,8903
60,90,8359
60,91,7855
60,92,2726
60,93,3427
60,94,364
60,95,4005
60,96,8206
60,97,3520
60,98,5743
60,99,7533
60,100,3363
60,101,7718
60,102,4869
60,103,7046
60,104,9911
60,105,122
60,106,4269
60,107,3863
60,108,9760
60,109,6425
61,10,2752
61,62,6298
61,63,5132
61,64,7034
61,65,2468
61,66,3188
61,67,4848
61,68,4161
61,69,9245
61,70,6328
61,71,2417
61,72,1076
61,73,2487
61,74,1672
61,75,9879
61,76,2326
61,77,7923
61,78,7829
61,79,2618
61,80,6042
61,81,4793
61,82,721
61,83,4922
61,84,5363
61,85,7739
61,86,6875
61,87,8818
61,88,8730
61,89,8555
61,90,2270
61,91,3057
61,92,2808
61,93,7101
61,94,648
61,95,4432
61,96,3032
61,97,4808
61,98,5027
61,99,7054
61,100,6605
61,101,8566
61,102,4153
61,103,9938
61,104,8589
61,105,3752
61,106,7105
61,107,9021
61,108,7543
61,109,5295
62,10,5502
62,63,3711
62,64,6536
62,65,4636
62,66,1518
62,67,1731
62,68,1895
62,69,6825
62,70,183
62,71,143
62,72,5317
62,73,1283
62,74,9505
62,75,6312
62,76,8326
62,77,528
62,78,4891
62,79,5509
62,80,3293
62,81,2740
62,82,7078
62,83,325
62,84,8361
62,85,867
62,86,5664
62,87,6743
62,88,5014
62,89,2039
62,90,6560
62,91,8524
62,92,4290
62,93,7751
62,94,1043
62,95,8953
62,96,14
62,97,8996
62,98,2247
62,99,8449
62,100,1837
62,101,1498
62,102,4009
62,103,6782
62,104,8058
62,105,2376
62,106,6193
62,107,6980
62,108,6191
62,109,888
63,10,2096
63,64,8799
63,65,2591
63,66,2248
63,67,7695
63,68,8762
63,69,4705
63,70,2061
63,71,9719
63,72,4306
63,73,4654
63,74,1540
63,75,2801
63,76,8555
63,77,6395
63,78,5780
63,79,3707
63,80,8532
63,81,7010
63,82,8887
63,83,1619
63,84,1403
63,85,1289
63,86,3306
63,87,1796
63,88,6808
63,89,5360
63,90,835
63,91,3999
63,92,9698
63,93,1462
63,94,9100
63,95,4262
63,96,1857
63,97,2346
63,98,6832
63,99,2112
63,100,3602
63,101,2939
63,102,3169
63,103,4348
63,104,8150
63,105,1008
63,106,2831
63,107,778
63,108,9940
63,109,2698
64,10,847
64,65,3527
64,66,9056
64,67,6914
64,68,7724
64,69,1652
64,70,6413
64,71,2085
64,72,3083
64,73,8301
64,74,5861
64,75,4169
64,76,7623
64,77,3447
64,78,9719
64,79,8076
64,80,5267
64,81,797
64,82,2989
64,83,45
64,84,7961
64,85,1947
64,86,2733
64,87,4508
64,88,7838
64,89,9506
64,90,3167
64,91,123
64,92,5283
64,93,6496
64,94,1351
64,95,6184
64,96,7980
64,97,4903
64,98,2423
64,99,8663
64,100,5868
64,101,5479
64,102,2731
64,103,8300
64,104,484
64,105,1425
64,106,7377
64,107,8102
64,108,9121
64,109,677
65,10,1174
65,66,4586
65,67,505
65,68,4214
65,69,8321
65,70,1516
65,71,9815
65,72,8249
65,73,8100
65,74,2813
65,75,9263
65,76,6073
65,77,8095
65,78,1848
65,79,9236
65,80,3752
65,81,6642
65,82,1301
65,83,7999
65,84,8826
65,85,1964
65,86,8038
65,87,5940
65,88,2182
65,89,6208
65,90,2237
65,91,436
65,92,7317
65,93,1429
65,94,3618
65,95,8831
65,96,4117
65,97,1327
65,98,4981
65,99,6857
65,100,7870
65,101,1879
65,102,3979
65,103,5765
65,104,8588
65,105,3620
65,106,3289
65,107,7413
65,108,8680
65,109,7046
66,10,2951
66,67,8442
66,68,3484
66,69,5568
66,70,8973
66,71,84
66,72,5781
66,73,2342
66,74,8566
66,75,1579
66,76,4620
66,77,180
66,78,964
66,79,8434
66,80,5947
66,81,7339
66,82,6699
66,83,4572
66,84,1466
66,85,7171
66,86,7755
66,87,1525
66,88,8818
66,89,3406
66,90,4572
66,91,3863
66,92,3314
66,93,8227
66,94,6848
66,95,4479
66,96,5186
66,97,3131
66,98,5757
66,99,1161
66,100,4493
66,101,8346
66,102,8673
66,103,3725
66,104,9746
66,105,3002
66,106,705
66,107,4992
66,108,3826
66,109,104
67,10,957
67,68,5140
67,69,4733
67,70,7719
67,71,5091
67,72,1018
67,73,20
67,74,7878
67,75,3190
67,76,4590
67,77,6741
67,78,668
67,79,663
67,80,4102
67,81,1304
67,82,589
67,83,3909
67,84,1652
67,85,6879
67,86,9481
67,87,8443
67,88,8964
67,89,1149
67,90,9694
67,91,8033
67,92,362
67,93,1714
67,94,2095
67,95,2918
67,96,9147
67,97,3292
67,98,2116
67,99,6615
67,100,9977
67,101,9037
67,102,9942
67,103,610
67,104,805
67,105,2391
67,106,6063
67,107,9503
67,108,5400
67,109,4271
68,10,8734
68,69,6361
68,70,3943
68,71,359
68,72,6156
68,73,2281
68,74,9459
68,75,6843
68,76,373
68,77,4721
68,78,4873
68,79,6738
68,80,4447
68,81,6788
68,82,3878
68,83,1664
68,84,9666
68,85,9893
68,86,6650
68,87,7169
68,88,8498
68,89,7079
68,90,6628
68,91,1526
68,92,2490
68,93,3821
68,94,9998
68,95,4342
68,96,2656
68,97,6070
68,98,3985
68,99,2808
68,100,54
68,101,9767
68,102,1239
68,103,8403
68,104,4479
68,105,3102
68,106,3447
68,107,8274
68,108,7949
68,109,2547
69,10,7701
69,70,2829
69,71,3526
69,72,814
69,73,2364
69,74,8378
69,75,4774
69,76,906
69,77,8863
69,78,8857
69,79,630
69,80,9768
69,81,3196
69,82,6513
69,83,4430
69,84,5670
69,85,752
69,86,1471
69,87,1165
69,88,2335
69,89,534
69,90,1142
69,91,9328
69,92,6927
69,93,9789
69,94,4407
69,95,6378
69,96,577
69,97,5161
69,98,1821
69,99,8886
69,100,9352
69,101,6626
69,102,8349
69,103,2604
69,104,5913
69,105,3254
69,106,2492
69,107,8393
69,108,4327
69,109,3221
70,1,9051
70,2,6183
70,3,2579
70,4,1892
70,5,1777
70,6,1964
70,7,4277
70,8,48
70,9,4598
70,10,8664
70,71,7000
70,72,7928
70,73,7311
70,74,7590
70,75,5063
70,76,5460
70,77,1914
70,78,8398
70,79,6067
70,80,4989
70,81,606
70,82,3126
70,83,3714
70,84,6396
70,85,7465
70,86,9287
70,87,7265
70,88,9585
70,89,4136
70,90,3420
70,91,1815
70,92,2246
70,93,38
70,94,4037
70,95,529
70,96,8282
70,97,8969
70,98,3334
70,99,9620
70,100,5937
70,101,8713
70,102,7173
70,103,9871
70,104,6030
70,105,1795
70,106,3054
70,107,9299
70,108,9775
70,109,5581
71,10,7350
71,72,2473
71,73,7825
71,74,1657
71,75,4625
71,76,6412
71,77,9541
71,78,6356
71,79,3848
71,80,6793
71,81,8195
71,82,6561
71,83,5851
71,84,934
71,85,3784
71,86,116
71,87,9261
71,88,835
71,89,363
71,90,6897
71,91,5647
71,92,435
71,93,2896
71,94,395
71,95,6791
71,96,4421
71,97,6472
71,98,9071
71,99,7398
71,100,8404
71,101,7932
71,102,4179
71,103,9859
71,104,7624
71,105,683
71,106,1519
71,107,4058
71,108,5299
71,109,8737
72,10,4827
72,73,3725
72,74,8813
72,75,5730
72,76,8356
72,77,6383
72,78,9120
72,79,8529
72,80,5724
72,81,4784
72,82,5388
72,83,8948
72,84,3652
72,85,5716
72,86,7202
72,87,4691
72,88,2849
72,89,9791
72,90,550
72,91,9402
72,92,8195
72,93,5128
72,94,7146
72,95,1767
72,96,8911
72,97,2742
72,98,4774
72,99,2988
72,100,2874
72,101,9749
72,102,6173
72,103,283
72,104,9454
72,105,1491
72,106,4862
72,107,6934
72,108,5124
72,109,2730
73,10,461
73,74,6971
73,75,3810
73,76,1276
73,77,3207
73,78,9653
73,79,7297
73,80,1026
73,81,8426
73,82,861
73,83,4978
73,84,296
73,85,2745
73,86,3961
73,87,3667
73,88,4803
73,89,8394
73,90,8556
73,91,9193
73,92,2051
73,93,5085
73,94,6907
73,95,9125
73,96,7972
73,97,9274
73,98,153
73,99,8267
73,100,762
73,101,1946
73,102,7301
73,103,8368
73,104,7624
73,105,4244
73,106,5302
73,107,3500
73,108,5366
73,109,5901
74,10,5266
74,75,9059
74,76,8563
74,77,5397
74,78,7984
74,79,3170
74,80,7961
74,81,105
74,82,8660
74,83,1777
74,84,1068
74,85,5151
74,86,4898
74,87,7622
74,88,5876
74,89,8320
74,90,4527
74,91,3579
74,92,1654
74,93,5066
74,94,3164
74,95,4328
74,96,9887
74,97,59
74,98,901
74,99,6085
74,100,4357
74,101,7053
74,102,9912
74,103,9742
74,104,2168
74,105,589
74,106,2029
74,107,3676
74,108,7144
74,109,7175
75,10,7608
75,76,5918
75,77,4627
75,78,6262
75,79,4040
75,80,8372
75,81,6634
75,82,6351
75,83,343
75,84,6201
75,85,3542
75,86,4127
75,87,9118
75,88,888
75,89,2736
75,90,5006
75,91,1425
75,92,8655
75,93,225
75,94,1327
75,95,4319
75,96,9421
75,97,3175
75,98,1789
75,99,1681
75,100,5364
75,101,2471
75,102,5245
75,103,5408
75,104,8700
75,105,6368
75,106,8337
75,107,6398
75,108,3188
75,109,1300
76,10,4736
76,77,2580
76,78,3396
76,79,9732
76,80,713
76,81,1378
76,82,6865
76,83,8705
76,84,6792
76,85,4433
76,86,8965
76,87,6127
76,88,3804
76,89,7244
76,90,8610
76,91,5096
76,92,7420
76,93,6322
76,94,3080
76,95,8971
76,96,8532
76,97,8787
76,98,9444
76,99,1460
76,100,1180
76,101,4264
76,102,655
76,103,5335
76,104,3638
76,105,5651
76,106,1545
76,107,3003
76,108,1639
76,109,6962
77,10,5928
77,78,8737
77,79,8277
77,80,6013
77,81,8158
77,82,7511
77,83,8344
77,84,3031
77,85,7979
77,86,1358
77,87,2066
77,88,3102
77,89,4888
77,90,4736
77,91,503
77,92,9681
77,93,4764
77,94,532
77,95,3506
77,96,7733
77,97,7439
77,98,1469
77,99,182
77,100,8383
77,101,2282
77,102,2274
77,103,8822
77,104,6108
77,105,796
77,106,8671
77,107,2894
77,108,551
77,109,3848
78,10,915
78,79,3092
78,80,139
78,81,626
78,82,4174
78,83,2192
78,84,1174
78,85,9247
78,86,851
78,87,6450
78,88,9686
78,89,4969
78,90,8590
78,91,6740
78,92,9939
78,93,1343
78,94,8074
78,95,2567
78,96,5485
78,97,7672
78,98,8004
78,99,9789
78,100,3280
78,101,4498
78,102,2891
78,103,2387
78,104,4810
78,105,7584
78,106,6434
78,107,3950
78,108,3517
78,109,7515
79,10,5803
79,80,9430
79,81,8700
79,82,9902
79,83,8659
79,84,3702
79,85,9078
79,86,3827
79,87,6295
79,88,4026
79,89,8717
79,90,6849
79,91,3967
79,92,3484
79,93,4119
79,94,5219
79,95,4950
79,96,5526
79,97,5488
79,98,4272
79,99,2883
79,100,8487
79,101,6461
79,102,5922
79,103,2310
79,104,519
79,105,7296
79,106,3849
79,107,2258
79,108,1714
79,109,7594
80,1,3463
80,2,3127
80,3,417
80,4,2847
80,5,8386
80,6,1882
80,7,8926
80,8,8256
80,9,1601
80,10,5252
80,81,9597
80,82,5039
80,83,3498
80,84,3833
80,85,3477
80,86,8681
80,87,3449
80,88,3181
80,89,7329
80,90,8306
80,91,6370
80,92,252
80,93,9157
80,94,5723
80,95,7422
80,96,7191
80,97,9928
80,98,7177
80,99,3676
80,100,5792
80,101,1148
80,102,889
80,103,9729
80,104,7829
80,105,3196
80,106,2496
80,107,4998
80,108,5995
80,109,1427
81,10,2871
81,82,6501
81,83,3702
81,84,5453
81,85,2662
81,86,8314
81,87,5176
81,88,3286
81,89,7404
81,90,4652
81,91,337
81,92,5779
81,93,4418
81,94,9536
81,95,4391
81,96,985
81,97,2870
81,98,6473
81,99,7920
81,100,5633
81,101,1838
81,102,5277
81,103,8812
81,104,9174
81,105,6806
81,106,421
81,107,2047
81,108,3880
81,109,5728
82,10,3977
82,83,2932
82,84,8039
82,85,1190
82,86,9424
82,87,9011
82,88,5527
82,89,7990
82,90,7439
82,91,2277
82,92,5636
82,93,702
82,94,1094
82,95,6944
82,96,127
82,97,6795
82,98,502
82,99,6051
82,100,968
82,101,9911
82,102,5322
82,103,4478
82,104,1368
82,105,5165
82,106,1476
82,107,2332
82,108,5443
82,109,9746
83,10,7817
83,84,8856
83,85,996
83,86,7008
83,87,7903
83,88,7001
83,89,2565
83,90,6396
83,91,5068
83,92,4106
83,93,5198
83,94,9297
83,95,1531
83,96,114
83,97,3729
83,98,4863
83,99,6698
83,100,4446
83,101,1708
83,102,7550
83,103,1692
83,104,2130
83,105,1161
83,106,4671
83,107,7814
83,108,4369
83,109,6069
84,10,508
84,85,8176
84,86,2250
84,87,2557
84,88,9559
84,89,3272
84,90,2340
84,91,9195
84,92,2470
84,93,6591
84,94,6250
84,95,7434
84,96,5060
84,97,175
84,98,9234
84,99,2619
84,100,3910
84,101,4297
84,102,2653
84,103,6335
84,104,8843
84,105,2172
84,106,5196
84,107,7401
84,108,3341
84,109,8084
85,10,3279
85,86,1371
85,87,7682
85,88,6442
85,89,6212
85,90,68
85,91,7738
85,92,4162
85,93,936
85,94,3327
85,95,3837
85,96,6836
85,97,3121
85,98,4497
85,99,3952
85,100,7161
85,101,4174
85,102,7567
85,103,8782
85,104,3757
85,105,30
85,106,8231
85,107,8179
85,108,2438
85,109,2733
86,10,3662
86,87,6942
86,88,5136
86,89,4767
86,90,3006
86,91,8232
86,92,2100
86,93,4071
86,94,9232
86,95,340
86,96,5551
86,97,1189
86,98,4844
86,99,5340
86,100,2286
86,101,2760
86,102,199
86,103,1110
86,104,2657
86,105,4144
86,106,6691
86,107,1210
86,108,5074
86,109,3334
87,10,3243
87,88,495
87,89,6480
87,90,2395
87,91,7200
87,92,1819
87,93,2375
87,94,8864
87,95,8166
87,96,7920
87,97,7492
87,98,4150
87,99,8336
87,100,8209
87,101,3913
87,102,7971
87,103,3556
87,104,2235
87,105,3587
87,106,1088
87,107,4182
87,108,3868
87,109,249
88,10,7113
88,89,7401
88,90,212
88,91,6436
88,92,1294
88,93,788
88,94,3843
88,95,2737
88,96,504
88,97,6822
88,98,6219
88,99,1670
88,100,5158
88,101,8713
88,102,8924
88,103,347
88,104,8022
88,105,1919
88,106,586
88,107,4006
88,108,5976
88,109,802
89,10,5963
89,90,9055
89,91,1288
89,92,2896
89,93,6377
89,94,6761
89,95,1463
89,96,4525
89,97,426
89,98,5249
89,99,4734
89,100,9491
89,101,5901
89,102,4872
89,103,7096
89,104,1837
89,105,6156
89,106,2082
89,107,9162
89,108,2388
89,109,6857
90,1,2544
90,2,588
90,3,6689
90,4,6312
90,5,1530
90,6,9179
90,7,1854
90,8,3738
90,9,7311
90,10,7677
90,91,5329
90,92,9114
90,93,7850
90,94,8776
90,95,3574
90,96,7366
90,97,2413
90,98,192
90,99,6165
90,100,4039
90,101,5013
90,102,5870
90,103,7806
90,104,2448
90,105,3093
90,106,6684
90,107,1312
90,108,6139
90,109,3134
91,10,7623
91,92,1297
91,93,9350
91,94,1541
91,95,377
91,96,6036
91,97,5405
91,98,5419
91,99,5114
91,100,4443
91,101,2657
91,102,8709
91,103,8105
91,104,7402
91,105,2144
91,106,5576
91,107,1119
91,108,5135
91,109,8597
92,10,4392
92,93,7122
92,94,5475
92,95,4972
92,96,8884
92,97,2092
92,98,9053
92,99,4100
92,100,8406
92,101,8107
92,102,3034
92,103,3957
92,104,308
92,105,7559
92,106,4153
92,107,7973
92,108,5190
92,109,4171
93,10,7662
93,94,7542
93,95,613
93,96,2899
93,97,4677
93,98,3623
93,99,9654
93,100,9623
93,101,9656
93,102,8067
93,103,1713
93,104,5036
93,105,2332
93,106,6101
93,107,1077
93,108,4625
93,109,8045
94,10,6454
94,95,3937
94,96,5894
94,97,8764
94,98,2736
94,99,626
94,100,6090
94,101,6588
94,102,1558
94,103,2090
94,104,2198
94,105,1236
94,106,4899
94,107,1598
94,108,4686
94,109,7012
95,10,2717
95,96,5496
95,97,1385
95,98,6437
95,99,136
95,100,4054
95,101,7599
95,102,6608
95,103,4365
95,104,4225
95,105,2061
95,106,880
95,107,1166
95,108,4812
95,109,8798
96,10,6321
96,97,9774
96,98,9636
96,99,3355
96,100,3787
96,101,9700
96,102,2654
96,103,4146
96,104,6218
96,105,9501
96,106,6001
96,107,6991
96,108,9540
96,109,6477
97,10,1908
97,98,9085
97,99,9278
97,100,4046
97,101,2621
97,102,6029
97,103,6244
97,104,2805
97,105,7308
97,106,570
97,107,846
97,108,9876
97,109,2440
98,10,6610
98,99,6667
98,100,7184
98,101,5297
98,102,955
98,103,702
98,104,1924
98,105,7402
98,106,5403
98,107,5282
98,108,7059
98,109,2013
99,10,6824
99,100,5591
99,101,8939
99,102,7492
99,103,3877
99,104,2004
99,105,9251
99,106,1499
99,107,2354
99,108,4770
99,109,8536
100,101,1180
100,102,3381
100,103,8123
100,104,5370
100,105,3187
100,106,7189
100,107,5758
100,108,7318
100,109,8721
101,102,3764
101,103,7383
101,104,6865
101,105,2929
101,106,8358
101,107,144
101,108,8238
101,109,3640
102,103,7324
102,104,3395
102,105,5263
102,106,3342
102,107,8787
102,108,4437
102,109,7976
103,104,7601
103,105,3260
103,106,9262
103,107,5495
103,108,6196
103,109,434
104,105,2555
104,106,49
104,107,9786
104,108,9837
104,109,1014
105,106,5267
105,107,3254
105,108,5719
105,109,2722
106,107,7813
106,108,5874
106,109,8312
107,108,1639
107,109,2990
108,109,6208