0,1,2,3,4,5,6,7,8,9,10,11,12,13,14,15,16,17,18,19,20,21,22,23,24,25,26,27,28,29,30,31,32,33,34,35,36,37,38,39,40,41,42,43,44,45,46,47,48,49,50,51,52,53,54,55,56,57,58,59,60,61,62,63,64,65,66,67,68,69,70,71,72,73,74,75,76,77,78,79,80,81,82,83,84,85,86,87,88,89,90,91,92,93,94,95,96,97,98,99
0,1,4592
0,2,1292
0,3,4111
0,4,1022
0,5,6037
0,6,2648
0,7,9201
0,8,5710
0,9,3438
0,10,7861
0,11,1700
0,12,7996
0,13,4709
0,14,1267
0,15,9339
0,16,9290
0,17,5032
0,18,5732
0,19,799
0,20,4161
0,21,9463
0,22,8795
0,23,4874
0,24,1774
0,25,9105
0,26,3298
0,27,1766
0,28,4359
0,29,5963
0,30,1879
0,31,816
0,32,2722
0,33,1080
0,34,1801
0,35,3556
0,36,7600
0,37,3608
0,38,4910
0,39,1964
0,40,1881
0,41,9205
0,42,113
0,43,5562
0,44,7211
0,45,2587
0,46,4164
0,47,3188
0,48,6915
0,49,8386
0,50,5206
0,51,5065
0,52,3251
0,53,7063
0,54,5652
0,55,9627
0,56,6906
0,57,2312
0,58,3667
0,59,85
0,60,19
0,61,7549
0,62,6012
0,63,5140
0,64,1112
0,65,9306
0,66,9824
0,67,2900
0,68,5945
0,69,7987
0,70,9770
0,71,3436
0,72,5101
0,73,9882
0,74,6664
0,75,8670
0,76,8748
0,77,1065
0,78,1800
0,79,315
0,80,4197
0,81,7932
0,82,8253
0,83,2727
0,84,7454
0,85,2523
0,86,2801
0,87,650
0,88,9250
0,89,1210
0,90,2292
0,91,4473
0,92,4125
0,93,6641
0,94,9180
0,95,2264
0,96,112
0,97,1732
0,98,7831
0,99,3327
1,2,2375
1,3,818
1,4,2018
1,5,7228
1,6,9718
1,7,3582
1,8,8660
1,9,1784
1,11,4112
1,12,3317
1,13,4026
1,14,8675
1,15,1817
1,16,6030
1,17,763
1,18,4306
1,19,9920
1,22,5915
1,23,5891
1,24,9351
1,25,9237
1,26,2105
1,27,4736
1,28,4083
1,29,4914
1,32,9787
1,33,8878
1,34,7987
1,35,3266
1,36,1745
1,37,6461
1,38,6004
1,39,9428
1,42,1250
1,43,8687
1,44,6055
1,45,3190
1,46,624
1,47,7078
1,48,2859
1,49,5897
1,52,4983
1,53,3409
1,54,4245
1,55,2142
1,56,2655
1,57,3644
1,58,8720
1,59,8274
1,62,5727
1,63,4093
1,64,1763
1,65,5898
1,66,758
1,67,6812
1,68,589
1,69,1471
1,72,5523
1,73,9927
1,74,3401
1,75,5137
1,76,9384
1,77,2858
1,78,4676
1,79,7353
1,82,3085
1,83,9328
1,84,5554
1,85,5639
1,86,6014
1,87,9366
1,88,7573
1,89,1052
1,92,7523
1,93,461
1,94,7860
1,95,3784
1,96,4604
1,97,1272
1,98,2820
1,99,6634
2,3,346
2,4,5703
2,5,262
2,6,191
2,7,9747
2,8,9527
2,9,6553
2,11,354
2,12,7117
2,13,344
2,14,8081
2,15,2972
2,16,5779
2,17,1261
2,18,2234
2,19,5345
2,22,6858
2,23,7421
2,24,9050
2,25,1020
2,26,6398
2,27,6994
2,28,1649
2,29,521
2,33,113
2,34,3736
2,35,4568
2,36,2925
2,37,1546
2,38,7167
2,39,5064
2,43,7221
2,44,9653
2,45,684
2,46,4995
2,47,743
2,48,9458
2,49,2689
2,53,8193
2,54,3600
2,55,7354
2,56,2559
2,57,1858
2,58,81
2,59,6024
2,63,4956
2,64,9590
2,65,6132
2,66,2641
2,67,6376
2,68,5642
2,69,8915
2,73,9133
2,74,806
2,75,1917
2,76,1585
2,77,3091
2,78,2016
2,79,3293
2,83,4121
2,84,9503
2,85,3183
2,86,5660
2,87,6536
2,88,4992
2,89,9695
2,93,9577
2,94,8855
2,95,7333
2,96,2426
2,97,9966
2,98,4332
2,99,2258
3,4,6074
3,5,7236
3,6,7166
3,7,4612
3,8,9514
3,9,453
3,11,3815
3,12,427
3,13,3207
3,14,2641
3,15,6832
3,16,1337
3,17,8886
3,18,8534
3,19,8266
3,22,8359
3,23,8493
3,24,6190
3,25,9214
3,26,2139
3,27,4407
3,28,4718
3,29,4662
3,33,4589
3,34,6943
3,35,2659
3,36,3728
3,37,8216
3,38,7177
3,39,3364
3,44,7549
3,45,5291
3,46,9788
3,47,6967
3,48,2618
3,49,8450
3,54,9636
3,55,3166
3,56,7698
3,57,5254
3,58,9165
3,59,1342
3,64,7120
3,65,8720
3,66,5354
3,67,7894
3,68,2202
3,69,8270
3,74,3177
3,75,2470
3,76,5434
3,77,5535
3,78,9757
3,79,2887
3,84,9861
3,85,4784
3,86,2631
3,87,7416
3,88,9324
3,89,5944
3,94,7111
3,95,7797
3,96,259
3,97,4609
3,98,8983
3,99,1909
4,5,4679
4,6,8626
4,7,419
4,8,2390
4,9,1331
4,11,9343
4,12,4416
4,13,7375
4,14,9715
4,15,2411
4,16,5514
4,17,2768
4,18,191
4,19,8271
4,22,9804
4,23,8052
4,24,9656
4,25,9614
4,26,8439
4,27,531
4,28,2684
4,29,5612
4,33,2665
4,34,1186
4,35,2686
4,36,7435
4,37,7664
4,38,8348
4,39,3323
4,44,8189
4,45,4629
4,46,7602
4,47,8554
4,48,6119
4,49,4849
4,55,660
4,56,1959
4,57,6216
4,58,4582
4,59,3530
4,65,9178
4,66,152
4,67,4270
4,68,190
4,69,2959
4,75,4489
4,76,2563
4,77,3136
4,78,3317
4,79,5854
4,85,2842
4,86,8784
4,87,107
4,88,8629
4,89,2533
4,95,6475
4,96,9195
4,97,8284
4,98,3214
4,99,9765
5,6,3274
5,7,3709
5,8,909
5,9,5526
5,11,9206
5,12,518
5,13,6996
5,14,9115
5,15,2176
5,16,7915
5,17,7184
5,18,6287
5,19,2217
5,22,2174
5,23,8727
5,24,2615
5,25,3738
5,26,8717
5,27,4525
5,28,1801
5,29,9662
5,33,5772
5,34,2603
5,35,40
5,36,8503
5,37,8252
5,38,4694
5,39,6682
5,44,727
5,45,5735
5,46,9824
5,47,788
5,48,8227
5,49,9130
5,55,6856
5,56,3283
5,57,9044
5,58,4409
5,59,8537
5,66,175
5,67,8153
5,68,9259
5,69,5339
5,76,2583
5,77,9723
5,78,4133
5,79,6555
5,86,8568
5,87,6276
5,88,8051
5,89,8763
5,96,8328
5,97,5169
5,98,9047
5,99,6744
6,7,4403
6,8,2195
6,9,561
6,11,8297
6,12,3042
6,13,2102
6,14,7649
6,15,1067
6,16,1531
6,17,3063
6,18,4990
6,19,6722
6,22,9885
6,23,7393
6,24,9602
6,25,7203
6,26,9532
6,27,3638
6,28,6757
6,29,3965
6,33,6339
6,34,8733
6,35,9107
6,36,8666
6,37,611
6,38,1708
6,39,4070
6,44,8011
6,45,3626
6,46,6969
6,47,830
6,48,4960
6,49,458
6,55,9665
6,56,494
6,57,1625
6,58,1653
6,59,2968
6,66,5151
6,67,2457
6,68,7373
6,69,3123
6,77,1764
6,78,8190
6,79,1667
6,87,8019
6,88,7865
6,89,9295
6,97,516
6,98,6862
6,99,3005
7,8,3829
7,9,9622
7,11,156
7,12,150
7,13,7581
7,14,5562
7,15,5972
7,16,1660
7,17,8550
7,18,6515
7,19,8729
7,22,6917
7,23,8116
7,24,3859
7,25,3424
7,26,7573
7,27,7382
7,28,2259
7,29,2614
7,33,8720
7,34,7459
7,35,1747
7,36,816
7,37,4827
7,38,8392
7,39,9836
7,44,6986
7,45,1774
7,46,2781
7,47,3357
7,48,5185
7,49,9774
7,55,6579
7,56,5452
7,57,6722
7,58,9958
7,59,7798
7,66,5696
7,67,640
7,68,9914
7,69,4109
7,77,7681
7,78,3937
7,79,6263
7,88,4320
7,89,2330
7,98,4597
7,99,2881
8,9,938
8,11,8670
8,12,4645
8,13,6088
8,14,8004
8,15,2568
8,16,9222
8,17,4300
8,18,8770
8,19,5161
8,22,5872
8,23,8578
8,24,3569
8,25,4768
8,26,3547
8,27,5594
8,28,6484
8,29,3777
8,33,1652
8,34,5372
8,35,4329
8,36,8121
8,37,7920
8,38,7819
8,39,930
8,44,8827
8,45,4838
8,46,2729
8,47,6990
8,48,6550
8,49,8214
8,55,8116
8,56,9766
8,57,3639
8,58,4146
8,59,2308
8,66,7436
8,67,3113
8,68,9720
8,69,2332
8,77,2966
8,78,277
8,79,9695
8,88,3044
8,89,6973
8,99,7360
9,11,7724
9,12,2151
9,13,5051
9,14,4859
9,15,2753
9,16,3011
9,17,7123
9,18,6550
9,19,1524
9,22,5492
9,23,6293
9,24,8486
9,25,5003
9,26,5579
9,27,6961
9,28,1701
9,29,4324
9,33,9067
9,34,8798
9,35,1036
9,36,5837
9,37,9208
9,38,6976
9,39,2734
9,44,7584
9,45,9817
9,46,7524
9,47,6229
9,48,2663
9,49,1450
9,55,170
9,56,1468
9,57,3437
9,58,4356
9,59,9320
9,66,9386
9,67,3605
9,68,5797
9,69,899
9,77,3974
9,78,1364
9,79,5463
9,88,8682
9,89,1262
9,99,6902
10,1,9702
10,2,2229
10,3,4099
10,4,2584
10,5,2883
10,6,3964
10,7,9220
10,8,991
10,9,3978
10,11,6061
10,12,5561
10,13,5614
10,14,431
10,15,4200
10,16,354
10,17,7253
10,18,4662
10,19,9967
10,20,8325
10,21,2977
10,22,2408
10,23,4595
10,24,6703
10,25,9249
10,26,6360
10,27,5038
10,28,6338
10,29,9507
10,30,5775
10,31,7086
10,32,4091
10,33,8865
10,34,7732
10,35,6924
10,36,1027
10,37,3997
10,38,5891
10,39,9875
10,40,5827
10,41,8283
10,42,2312
10,43,9648
10,44,959
10,45,6736
10,46,2202
10,47,3424
10,48,9761
10,49,9341
10,50,6029
10,51,5337
10,52,7771
10,53,1072
10,54,9151
10,55,321
10,56,7003
10,57,9722
10,58,9894
10,59,4245
10,60,2748
10,61,9000
10,62,1242
10,63,325
10,64,9628
10,65,8392
10,66,4678
10,67,8047
10,68,6295
10,69,808
10,70,5142
10,71,6964
10,72,5970
10,73,3930
10,74,1882
10,75,8479
10,76,1580
10,77,154
10,78,1370
10,79,8865
10,80,2118
10,81,3401
10,82,2091
10,83,9669
10,84,7084
10,85,7066
10,86,9694
10,87,8116
10,88,7376
10,89,2878
10,90,8901
10,91,6064
10,92,2776
10,93,3128
10,94,528
10,95,9924
10,96,8285
10,97,55
10,98,6919
10,99,7102
11,12,5
11,13,1116
11,14,3659
11,15,7596
11,16,7093
11,17,5379
11,18,4614
11,19,397
11,20,6843
11,21,7217
11,22,6301
11,23,6806
11,24,7406
11,25,3850
11,26,9306
11,27,2675
11,28,5894
11,29,28
11,30,1674
11,31,8527
11,32,6233
11,33,5041
11,34,7994
11,35,5721
11,36,3444
11,37,8945
11,38,7594
11,39,5628
11,40,4899
11,41,9885
11,42,2510
11,43,9140
11,44,4795
11,45,3414
11,46,1027
11,47,506
11,48,5395
11,49,8618
11,50,3986
11,51,8605
11,52,736
11,53,7446
11,54,1497
11,55,2415
11,56,2682
11,57,9575
11,58,2448
11,59,329
11,60,9538
11,61,5334
11,62,6756
11,63,6019
11,64,2478
11,65,138
11,66,1245
11,67,6342
11,68,3149
11,69,1537
11,70,9813
11,71,6596
11,72,741
11,73,4037
11,74,6580
11,75,9399
11,76,6690
11,77,6941
11,78,4052
11,79,7475
11,80,9096
11,81,8891
11,82,4747
11,83,5778
11,84,3839
11,85,8876
11,86,3036
11,87,1213
11,88,5885
11,89,7206
11,90,9599
11,91,9530
11,92,1451
11,93,8969
11,94,843
11,95,5782
11,96,4197
11,97,4990
11,98,740
11,99,5113
12,13,1542
12,14,2661
12,15,8386
12,16,7128
12,17,3068
12,18,5004
12,19,2307
12,20,8560
12,21,8934
12,22,1530
12,23,3743
12,24,521
12,25,6638
12,26,6672
12,27,7693
12,28,1682
12,29,4517
12,30,9867
12,31,7901
12,32,5608
12,33,7460
12,34,8610
12,35,8521
12,36,6940
12,37,9441
12,38,4557
12,39,950
12,40,49
12,41,897
12,42,9302
12,43,2698
12,44,3690
12,45,3051
12,46,3512
12,47,2721
12,48,7623
12,49,9406
12,50,1165
12,51,6873
12,52,2534
12,53,8707
12,54,5208
12,55,7544
12,56,7611
12,57,679
12,58,9135
12,59,1538
12,60,5162
12,61,4201
12,62,8888
12,63,46
12,64,9109
12,65,8635
12,66,8626
12,67,4327
12,68,6614
12,69,1140
12,70,1523
12,71,8067
12,72,6643
12,73,4693
12,74,6682
12,75,1327
12,76,6658
12,77,3703
12,78,5585
12,79,9180
12,80,2157
12,81,7322
12,82,7783
12,83,7036
12,84,3717
12,85,8799
12,86,3495
12,87,6869
12,88,870
12,89,4854
12,90,6598
12,91,7561
12,92,7602
12,93,8357
12,94,8250
12,95,7598
12,96,4837
12,97,7584
12,98,6191
12,99,6577
13,14,700
13,15,3629
13,16,2666
13,17,146
13,18,3815
13,19,6386
13,20,8714
13,21,6349
13,22,1379
13,23,840
13,24,1209
13,25,3017
13,26,4294
13,27,7526
13,28,4348
13,29,9089
13,30,1417
13,31,6776
13,32,6069
13,33,4070
13,34,2951
13,35,5454
13,36,6908
13,37,3588
13,38,7910
13,39,3838
13,40,7295
13,41,2903
13,42,2898
13,43,8279
13,44,8893
13,45,9747
13,46,7271
13,47,2366
13,48,7558
13,49,1336
13,50,1463
13,51,7168
13,52,6297
13,53,5477
13,54,9387
13,55,5684
13,56,3563
13,57,6103
13,58,2455
13,59,6913
13,60,3740
13,61,6810
13,62,3956
13,63,6906
13,64,5561
13,65,4310
13,66,1361
13,67,2641
13,68,5686
13,69,3122
13,70,4746
13,71,5764
13,72,8148
13,73,2383
13,74,143
13,75,6709
13,76,5259
13,77,4461
13,78,3329
13,79,1459
13,80,2497
13,81,1908
13,82,5955
13,83,8774
13,84,4303
13,85,1573
13,86,9263
13,87,4234
13,88,7562
13,89,7033
13,90,3081
13,91,4122
13,92,8400
13,93,9256
13,94,662
13,95,3442
13,96,5171
13,97,70
13,98,5349
13,99,1412
14,15,1012
14,16,4685
14,17,7946
14,18,5671
14,19,9359
14,20,5933
14,21,6822
14,22,4621
14,23,4210
14,24,4
14,25,4595
14,26,5132
14,27,5659
14,28,760
14,29,4056
14,30,4132
14,31,9512
14,32,7247
14,33,6698
14,34,5770
14,35,9999
14,36,7168
14,37,6232
14,38,3578
14,39,6989
14,40,9188
14,41,7613
14,42,8061
14,43,8638
14,44,1134
14,45,4448
14,46,3973
14,47,8235
14,48,5830
14,49,4208
14,50,4858
14,51,6519
14,52,3192
14,53,9569
14,54,24
14,55,7732
14,56,5957
14,57,196
14,58,1875
14,59,8741
14,60,246
14,61,1534
14,62,2019
14,63,491
14,64,374
14,65,5511
14,66,3095
14,67,224
14,68,8755
14,69,7880
14,70,4164
14,71,883
14,72,5768
14,73,4839
14,74,6610
14,75,4694
14,76,7716
14,77,3821
14,78,4652
14,79,1802
14,80,8599
14,81,9062
14,82,7722
14,83,4577
14,84,68
14,85,6955
14,86,1533
14,87,5712
14,88,6249
14,89,4120
14,90,5064
14,91,5662
14,92,40
14,93,9571
14,94,1445
14,95,2047
14,96,1573
14,97,9579
14,98,9239
14,99,7388
15,16,2839
15,17,7398
15,18,7061
15,19,4720
15,20,5247
15,21,9033
15,22,3299
15,23,4725
15,24,1622
15,25,3427
15,26,1277
15,27,2447
15,28,3383
15,29,231
15,30,9105
15,31,6872
15,32,1838
15,33,3033
15,34,8403
15,35,9852
15,36,8889
15,37,1617
15,38,8969
15,39,418
15,40,6502
15,41,8201
15,42,2478
15,43,9637
15,44,7707
15,45,5352
15,46,4527
15,47,1683
15,48,1871
15,49,950
15,50,6714
15,51,2412
15,52,1451
15,53,295
15,54,1118
15,55,9272
15,56,4412
15,57,5699
15,58,725
15,59,3373
15,60,260
15,61,8518
15,62,7460
15,63,53
15,64,958
15,65,7295
15,66,7001
15,67,2204
15,68,2150
15,69,5244
15,70,6791
15,71,6046
15,72,9430
15,73,7107
15,74,3215
15,75,4927
15,76,6846
15,77,8135
15,78,4388
15,79,3820
15,80,6344
15,81,9119
15,82,6410
15,83,9879
15,84,7506
15,85,9463
15,86,7740
15,87,5535
15,88,8461
15,89,3357
15,90,6947
15,91,2671
15,92,254
15,93,1752
15,94,4270
15,95,7029
15,96,6778
15,97,5464
15,98,7659
15,99,3522
16,17,4296
16,18,2941
16,19,7733
16,20,7932
16,21,7469
16,22,6347
16,23,5309
16,24,248
16,25,2249
16,26,4673
16,27,6458
16,28,5979
16,29,5600
16,30,54
16,31,5712
16,32,5217
16,33,1488
16,34,6330
16,35,3402
16,36,4635
16,37,2825
16,38,8226
16,39,202
16,40,1087
16,41,9038
16,42,7477
16,43,574
16,44,2646
16,45,9497
16,46,5840
16,47,7295
16,48,629
16,49,5454
16,50,9229
16,51,8391
16,52,9293
16,53,8974
16,54,6347
16,55,8124
16,56,1288
16,57,7549
16,58,2556
16,59,9364
16,60,4433
16,61,2504
16,62,9877
16,63,6872
16,64,9913
16,65,6245
16,66,5127
16,67,17
16,68,2391
16,69,718
16,70,2981
16,71,3536
16,72,571
16,73,512
16,74,404
16,75,2272
16,76,3059
16,77,3830
16,78,3851
16,79,9604
16,80,8513
16,81,792
16,82,4986
16,83,730
16,84,2248
16,85,6513
16,86,9654
16,87,9680
16,88,8973
16,89,6606
16,90,6178
16,91,4167
16,92,4175
16,93,7649
16,94,1691
16,95,2534
16,96,6659
16,97,6135
16,98,5479
16,99,7353
17,18,2093
17,19,1823
17,20,921
17,21,7601
17,22,9565
17,23,3412
17,24,7601
17,25,6730
17,26,6077
17,27,4169
17,28,310
17,29,2730
17,30,5746
17,31,3216
17,32,7429
17,33,3230
17,34,7552
17,35,6237
17,36,1091
17,37,5335
17,38,5122
17,39,4257
17,40,3805
17,41,1892
17,42,8507
17,43,6174
17,44,6409
17,45,397
17,46,3855
17,47,1505
17,48,7130
17,49,419
17,50,4120
17,51,2722
17,52,4188
17,53,2312
17,54,4648
17,55,3659
17,56,731
17,57,4213
17,58,2290
17,59,7101
17,60,7787
17,61,7528
17,62,9706
17,63,1399
17,64,8668
17,65,3675
17,66,4694
17,67,4851
17,68,8454
17,69,5225
17,70,3109
17,71,7550
17,72,8738
17,73,8327
17,74,954
17,75,4036
17,76,976
17,77,4576
17,78,9058
17,79,7483
17,80,4810
17,81,1278
17,82,8898
17,83,8807
17,84,9402
17,85,7087
17,86,5482
17,87,551
17,88,5819
17,89,1507
17,90,9556
17,91,788
17,92,7444
17,93,4841
17,94,5580
17,95,4839
17,96,2256
17,97,8032
17,98,556
17,99,7273
18,19,4449
18,20,3396
18,21,9862
18,22,7564
18,23,1776
18,24,4447
18,25,6827
18,26,2815
18,27,9585
18,28,9726
18,29,3733
18,30,6874
18,31,3376
18,32,8438
18,33,5939
18,34,4135
18,35,7889
18,36,8336
18,37,921
18,38,6161
18,39,1027
18,40,2903
18,41,7623
18,42,5734
18,43,6539
18,44,2529
18,45,5138
18,46,3284
18,47,9589
18,48,8393
18,49,4914
18,50,7860
18,51,3370
18,52,6641
18,53,5520
18,54,1270
18,55,6782
18,56,4001
18,57,4089
18,58,660
18,59,2315
18,60,2266
18,61,1739
18,62,2723
18,63,2661
18,64,7804
18,65,1559
18,66,9023
18,67,4933
18,68,5901
18,69,4123
18,70,6689
18,71,5355
18,72,7330
18,73,7332
18,74,8056
18,75,8170
18,76,5509
18,77,6807
18,78,9392
18,79,4669
18,80,3898
18,81,4580
18,82,4644
18,83,6962
18,84,9879
18,85,739
18,86,8378
18,87,5259
18,88,3093
18,89,7158
18,90,4188
18,91,6934
18,92,7927
18,93,8354
18,94,1912
18,95,8829
18,96,5104
18,97,5106
18,98,1783
18,99,6700
19,20,8972
19,21,9985
19,22,1302
19,23,2376
19,24,7252
19,25,5911
19,26,4580
19,27,3740
19,28,2740
19,29,1826
19,30,2736
19,31,9284
19,32,8388
19,33,2788
19,34,9141
19,35,9899
19,36,7489
19,37,3965
19,38,4719
19,39,249
19,40,6274
19,41,179
19,42,518
19,43,58
19,44,5682
19,45,2483
19,46,6303
19,47,6274
19,48,5826
19,49,6511
19,50,6517
19,51,6978
19,52,6441
19,53,5441
19,54,6051
19,55,4887
19,56,4763
19,57,9723
19,58,6924
19,59,267
19,60,8377
19,61,3814
19,62,5993
19,63,5600
19,64,4961
19,65,5873
19,66,3260
19,67,4404
19,68,164
19,69,2811
19,70,5470
19,71,2744
19,72,2238
19,73,6646
19,74,1524
19,75,6965
19,76,8381
19,77,3921
19,78,119
19,79,3534
19,80,9281
19,81,8534
19,82,1289
19,83,3720
19,84,3427
19,85,3631
19,86,9682
19,87,514
19,88,4997
19,89,5077
19,90,8468
19,91,2749
19,92,9701
19,93,2561
19,94,9610
19,95,1801
19,96,2796
19,97,2077
19,98,9506
19,99,5064
20,1,6750
20,2,5179
20,3,9477
20,4,2517
20,5,1822
20,6,3509
20,7,9475
20,8,612
20,9,8540
20,21,248
20,22,6696
20,23,9212
20,24,6310
20,25,8557
20,26,6742
20,27,4523
20,28,8146
20,29,1211
20,30,4057
20,31,237
20,32,9490
20,33,2287
20,34,6958
20,35,7000
20,36,5948
20,37,6944
20,38,5742
20,39,3503
20,40,583
20,41,3209
20,42,1964
20,43,3333
20,44,6863
20,45,8220
20,46,8051
20,47,6496
20,48,5660
20,49,1693
20,50,6861
20,51,5634
20,52,6389
20,53,9093
20,54,65
20,55,8134
20,56,1357
20,57,4244
20,58,5562
20,59,6775
20,60,9343
20,61,3817
20,62,1313
20,63,6772
20,64,2860
20,65,526
20,66,1104
20,67,4914
20,68,6524
20,69,8014
20,70,5800
20,71,4965
20,72,8134
20,73,1481
20,74,6075
20,75,1480
20,76,2557
20,77,4820
20,78,7177
20,79,6582
20,80,6983
20,81,4424
20,82,7765
20,83,7737
20,84,9281
20,85,7073
20,86,2203
20,87,3136
20,88,8663
20,89,8443
20,90,2300
20,91,2491
20,92,2117
20,93,7971
20,94,2739
20,95,8337
20,96,7972
20,97,382
20,98,9478
20,99,3385
21,22,2697
21,23,1731
21,24,7952
21,25,3951
21,26,1178
21,27,8805
21,28,9813
21,29,3543
21,30,9252
21,31,252
21,32,1271
21,33,9105
21,34,9613
21,35,9680
21,36,4365
21,37,21
21,38,3254
21,39,1500
21,40,2261
21,41,2928
21,42,4892
21,43,8163
21,44,5178
21,45,7402
21,46,2291
21,47,6595
21,48,8883
21,49,7024
21,50,357
21,51,7503
21,52,8551
21,53,4592
21,54,8334
21,55,2083
21,56,3532
21,57,9787
21,58,7266
21,59,856
21,60,1956
21,61,8949
21,62,7558
21,63,8928
21,64,8931
21,65,6883
21,66,9882
21,67,1860
21,68,861
21,69,3306
21,70,2711
21,71,3163
21,72,1189
21,73,4144
21,74,1821
21,75,1918
21,76,4529
21,77,7134
21,78,5205
21,79,26
21,80,9393
21,81,3352
21,82,9261
21,83,4306
21,84,4552
21,85,4371
21,86,1910
21,87,6966
21,88,9016
21,89,7997
21,90,4281
21,91,5349
21,92,590
21,93,9359
21,94,2341
21,95,1123
21,96,4340
21,97,7287
21,98,8502
21,99,7825
22,23,8176
22,24,3133
22,25,991
22,26,1255
22,27,9192
22,28,2595
22,29,4331
22,30,4739
22,31,2589
22,32,1181
22,33,325
22,34,3365
22,35,2267
22,36,212
22,37,3989
22,38,1117
22,39,5129
22,40,2466
22,41,8389
22,42,9604
22,43,687
22,44,7384
22,45,1293
22,46,6255
22,47,7508
22,48,6199
22,49,8703
22,50,6307
22,51,4819
22,52,7065
22,53,7661
22,54,3893
22,55,6675
22,56,5405
22,57,5168
22,58,2211
22,59,6575
22,60,8284
22,61,408
22,62,7978
22,63,8456
22,64,6558
22,65,605
22,66,3627
22,67,7273
22,68,4875
22,69,8111
22,70,6937
22,71,511
22,72,6882
22,73,3910
22,74,5086
22,75,2924
22,76,9505
22,77,8800
22,78,7376
22,79,5845
22,80,5308
22,81,7922
22,82,934
22,83,703
22,84,5274
22,85,156
22,86,4518
22,87,5299
22,88,626
22,89,4196
22,90,1395
22,91,6939
22,92,895
22,93,8980
22,94,873
22,95,6086
22,96,2793
22,97,5390
22,98,1182
22,99,6740
23,24,1536
23,25,98
23,26,4327
23,27,7443
23,28,9664
23,29,907
23,30,9995
23,31,7587
23,32,3233
23,33,6409
23,34,6756
23,35,7032
23,36,8666
23,37,8254
23,38,8441
23,39,7786
23,40,4379
23,41,638
23,42,9013
23,43,3261
23,44,7611
23,45,3068
23,46,9196
23,47,4347
23,48,9944
23,49,5661
23,50,7190
23,51,839
23,52,120
23,53,7863
23,54,8966
23,55,216
23,56,3977
23,57,3864
23,58,4097
23,59,6831
23,60,7210
23,61,4841
23,62,419
23,63,108
23,64,3766
23,65,8790
23,66,5583
23,67,433
23,68,3620
23,69,4109
23,70,6632
23,71,8215
23,72,5232
23,73,2455
23,74,1993
23,75,5643
23,76,4001
23,77,2727
23,78,1088
23,79,6668
23,80,3802
23,81,2707
23,82,5485
23,83,5722
23,84,6333
23,85,8362
23,86,8960
23,87,7826
23,88,5415
23,89,5676
23,90,3525
23,91,7637
23,92,1216
23,93,8465
23,94,3534
23,95,3154
23,96,3869
23,97,4010
23,98,6135
23,99,6791
24,25,3427
24,26,1154
24,27,7944
24,28,2687
24,29,1462
24,30,2396
24,31,1704
24,32,4760
24,33,9849
24,34,2220
24,35,2502
24,36,9067
24,37,8173
24,38,1486
24,39,5128
24,40,8180
24,41,9964
24,42,4681
24,43,3204
24,44,353
24,45,3355
24,46,3440
24,47,6598
24,48,8853
24,49,6643
24,50,9484
24,51,4168
24,52,247
24,53,8309
24,54,1784
24,55,4417
24,56,8824
24,57,7318
24,58,181
24,59,1815
24,60,2719
24,61,8980
24,62,4569
24,63,5993
24,64,7431
24,65,9999
24,66,1400
24,67,8177
24,68,256
24,69,5023
24,70,8566
24,71,6388
24,72,7673
24,73,8424
24,74,6020
24,75,3158
24,76,6827
24,77,8231
24,78,3646
24,79,7288
24,80,694
24,81,4982
24,82,765
24,83,3820
24,84,4927
24,85,5169
24,86,1071
24,87,4804
24,88,9722
24,89,2061
24,90,6818
24,91,1389
24,92,3242
24,93,2463
24,94,388
24,95,1897
24,96,5888
24,97,5149
24,98,343
24,99,7093
25,26,7861
25,27,7992
25,28,3012
25,29,3629
25,30,2495
25,31,8169
25,32,9664
25,33,1494
25,34,3275
25,35,9924
25,36,5200
25,37,2564
25,38,4231
25,39,5979
25,40,211
25,41,3800
25,42,8553
25,43,2073
25,44,7604
25,45,8167
25,46,6651
25,47,9259
25,48,3648
25,49,3130
25,50,4562
25,51,4951
25,52,5247
25,53,2211
25,54,2553
25,55,681
25,56,9043
25,57,137
25,58,7351
25,59,6612
25,60,3915
25,61,2064
25,62,7458
25,63,703
25,64,460
25,65,2047
25,66,1674
25,67,4369
25,68,2084
25,69,3729
25,70,5424
25,71,8784
25,72,8065
25,73,6566
25,74,6769
25,75,1529
25,76,3431
25,77,9591
25,78,5765
25,79,1361
25,80,9749
25,81,6904
25,82,9607
25,83,5649
25,84,9768
25,85,5386
25,86,4740
25,87,8899
25,88,7773
25,89,8420
25,90,9559
25,91,370
25,92,5450
25,93,4628
25,94,5556
25,95,7225
25,96,3585
25,97,7825
25,98,9035
25,99,2485
26,27,9564
26,28,1001
26,29,5067
26,30,3095
26,31,2481
26,32,3681
26,33,1908
26,34,6942
26,35,6258
26,36,2573
26,37,8116
26,38,6830
26,39,9203
26,40,8698
26,41,2004
26,42,6480
26,43,3498
26,44,1647
26,45,6438
26,46,4117
26,47,1721
26,48,195
26,49,6601
26,50,3460
26,51,1545
26,52,569
26,53,7404
26,54,8073
26,55,6521
26,56,4738
26,57,7391
26,58,319
26,59,5492
26,60,2077
26,61,8126
26,62,984
26,63,751
26,64,4389
26,65,7817
26,66,4483
26,67,3026
26,68,6340
26,69,1855
26,70,549
26,71,7002
26,72,21
26,73,9454
26,74,3194
26,75,7190
26,76,4454
26,77,9991
26,78,8188
26,79,5749
26,80,6413
26,81,1940
26,82,2778
26,83,3026
26,84,6168
26,85,2777
26,86,4415
26,87,4697
26,88,4975
26,89,4620
26,90,6328
26,91,6649
26,92,3405
26,93,6678
26,94,1220
26,95,115
26,96,6373
26,97,7373
26,98,7303
26,99,213
27,28,7550
27,29,7556
27,30,3304
27,31,8893
27,32,558
27,33,2298
27,34,9379
27,35,9401
27,36,4700
27,37,566
27,38,540
27,39,4943
27,40,8241
27,41,3727
27,42,7517
27,43,71
27,44,4126
27,45,4852
27,46,1107
27,47,7093
27,48,6830
27,49,6703
27,50,5117
27,51,1964
27,52,8743
27,53,8251
27,54,9509
27,55,9137
27,56,9180
27,57,9211
27,58,977
27,59,2177
27,60,3409
27,61,5073
27,62,5389
27,63,8644
27,64,5635
27,65,9886
27,66,8410
27,67,3323
27,68,2191
27,69,661
27,70,747
27,71,9187
27,72,1446
27,73,2625
27,74,7707
27,75,3826
27,76,1330
27,77,2096
27,78,1216
27,79,234
27,80,566
27,81,4435
27,82,7489
27,83,1389
27,84,7529
27,85,1442
27,86,6770
27,87,2050
27,88,8117
27,89,6344
27,90,1535
27,91,6074
27,92,8880
27,93,8523
27,94,4698
27,95,7366
27,96,3870
27,97,5026
27,98,3371
27,99,6337
28,29,7082
28,30,7871
28,31,6338
28,32,6392
28,33,5026
28,34,1620
28,35,1929
28,36,9349
28,37,6631
28,38,6017
28,39,4306
28,40,1958
28,41,2725
28,42,6024
28,43,1869
28,44,8266
28,45,689
28,46,4392
28,47,7043
28,48,7445
28,49,7404
28,50,6945
28,51,8127
28,52,7778
28,53,5701
28,54,8875
28,55,1945
28,56,2955
28,57,7795
28,58,4484
28,59,5471
28,60,6578
28,61,1323
28,62,47
28,63,4722
28,64,5135
28,65,1132
28,66,8790
28,67,2856
28,68,7196
28,69,9272
28,70,1448
28,71,5809
28,72,8715
28,73,7327
28,74,8245
28,75,8301
28,76,7061
28,77,5858
28,78,8309
28,79,5375
28,80,8324
28,81,3845
28,82,579
28,83,2589
28,84,5347
28,85,8150
28,86,7263
28,87,4435
28,88,9228
28,89,9629
28,90,1826
28,91,7864
28,92,6240
28,93,8499
28,94,4649
28,95,8785
28,96,7228
28,97,2214
28,98,5244
28,99,1412
29,30,3855
29,31,4207
29,32,3469
29,33,766
29,34,6944
29,35,3069
29,36,3565
29,37,8238
29,38,3367
29,39,2179
29,40,1047
29,41,8034
29,42,1675
29,43,7502
29,44,3270
29,45,6915
29,46,4311
29,47,8849
29,48,5412
29,49,6827
29,50,793
29,51,90
29,52,5709
29,53,1043
29,54,240
29,55,1813
29,56,4415
29,57,7621
29,58,7633
29,59,5600
29,60,6664
29,61,2102
29,62,3867
29,63,8955
29,64,2494
29,65,5026
29,66,3198
29,67,5647
29,68,5353
29,69,8276
29,70,9565
29,71,9224
29,72,4727
29,73,7302
29,74,7693
29,75,438
29,76,7805
29,77,4444
29,78,7823
29,79,9940
29,80,7137
29,81,615
29,82,8620
29,83,401
29,84,7883
29,85,8929
29,86,8082
29,87,1310
29,88,1395
29,89,6824
29,90,4935
29,91,3160
29,92,5452
29,93,9834
29,94,5111
29,95,7221
29,96,4361
29,97,8298
29,98,371
29,99,486
30,1,2490
30,2,3724
30,3,6998
30,4,7644
30,5,1183
30,6,694
30,7,6192
30,8,7991
30,9,1489
30,31,4652
30,32,9804
30,33,9728
30,34,3693
30,35,1933
30,36,8992
30,37,9698
30,38,4431
30,39,1474
30,40,2256
30,41,2646
30,42,1737
30,43,4050
30,44,2626
30,45,1608
30,46,4668
30,47,3943
30,48,4400
30,49,4268
30,50,3924
30,51,4789
30,52,7227
30,53,9490
30,54,8693
30,55,4923
30,56,4716
30,57,4470
30,58,197
30,59,1284
30,60,142
30,61,6517
30,62,7734
30,63,4323
30,64,8931
30,65,3158
30,66,9168
30,67,120
30,68,3795
30,69,5593
30,70,2875
30,71,4373
30,72,8679
30,73,8224
30,74,7790
30,75,1811
30,76,7760
30,77,4500
30,78,4133
30,79,8846
30,80,3315
30,81,6791
30,82,4115
30,83,5292
30,84,2610
30,85,9949
30,86,8776
30,87,111
30,88,3141
30,89,1289
30,90,8179
30,91,30
30,92,2268
30,93,2645
30,94,8567
30,95,3700
30,96,4062
30,97,7012
30,98,992
30,99,9393
31,32,1769
31,33,8144
31,34,8810
31,35,7462
31,36,2594
31,37,7599
31,38,4289
31,39,2986
31,40,7128
31,41,1658
31,42,9478
31,43,2235
31,44,9569
31,45,4016
31,46,3088
31,47,9656
31,48,7451
31,49,1064
31,50,9695
31,51,1146
31,52,8262
31,53,9205
31,54,7551
31,55,856
31,56,6573
31,57,1456
31,58,8354
31,59,7940
31,60,7794
31,61,5839
31,62,3623
31,63,3678
31,64,7138
31,65,4164
31,66,7267
31,67,2302
31,68,5206
31,69,2844
31,70,8538
31,71,1628
31,72,5003
31,73,7671
31,74,4975
31,75,9788
31,76,5660
31,77,5551
31,78,8297
31,79,928
31,80,8610
31,81,594
31,82,6600
31,83,8955
31,84,1422
31,85,6900
31,86,3759
31,87,8486
31,88,6373
31,89,9104
31,90,2744
31,91,4219
31,92,1813
31,93,9683
31,94,5044
31,95,6931
31,96,8125
31,97,1490
31,98,4053
31,99,7667
32,33,9782
32,34,9175
32,35,7788
32,36,663
32,37,2176
32,38,3881
32,39,9310
32,40,4754
32,41,1150
32,42,7575
32,43,571
32,44,5457
32,45,7806
32,46,2989
32,47,7864
32,48,7188
32,49,3804
32,50,4454
32,51,8319
32,52,6555
32,53,5390
32,54,3936
32,55,3826
32,56,5467
32,57,9788
32,58,3855
32,59,5943
32,60,5314
32,61,7022
32,62,6423
32,63,9853
32,64,4273
32,65,3738
32,66,1865
32,67,4517
32,68,2755
32,69,8859
32,70,9058
32,71,3165
32,72,1716
32,73,610
32,74,4753
32,75,2582
32,76,428
32,77,9367
32,78,2518
32,79,5458
32,80,3595
32,81,1472
32,82,5861
32,83,3484
32,84,6657
32,85,6096
32,86,127
32,87,8545
32,88,1666
32,89,9454
32,90,1034
32,91,2487
32,92,1581
32,93,3274
32,94,2018
32,95,6065
32,96,9134
32,97,9076
32,98,8928
32,99,9178
33,34,7537
33,35,961
33,36,361
33,37,9589
33,38,1243
33,39,2565
33,40,4966
33,41,2336
33,42,7393
33,43,2727
33,44,1670
33,45,7168
33,46,7799
33,47,7838
33,48,3557
33,49,7392
33,50,4933
33,51,9827
33,52,3408
33,53,5607
33,54,4657
33,55,5573
33,56,9390
33,57,5854
33,58,1047
33,59,6554
33,60,4477
33,61,7288
33,62,556
33,63,607
33,64,5500
33,65,7110
33,66,5540
33,67,102
33,68,1111
33,69,6928
33,70,2204
33,71,5998
33,72,3143
33,73,2407
33,74,9413
33,75,8629
33,76,2038
33,77,785
33,78,1784
33,79,7708
33,80,778
33,81,4158
33,82,250
33,83,1346
33,84,6306
33,85,2918
33,86,3573
33,87,29
33,88,3835
33,89,8854
33,90,9048
33,91,2462
33,92,3172
33,93,910
33,94,3309
33,95,307
33,96,3108
33,97,5853
33,98,2893
33,99,8789
34,35,2094
34,36,7252
34,37,8633
34,38,303
34,39,4890
34,40,2225
34,41,5997
34,42,7217
34,43,1278
34,44,3796
34,45,667
34,46,9596
34,47,8114
34,48,24
34,49,9958
34,50,947
34,51,8523
34,52,4291
34,53,5776
34,54,5588
34,55,7655
34,56,7509
34,57,517
34,58,4621
34,59,9214
34,60,5194
34,61,4048
34,62,7054
34,63,8799
34,64,7334
34,65,9124
34,66,8211
34,67,4029
34,68,6475
34,69,8491
34,70,3601
34,71,7845
34,72,6754
34,73,2671
34,74,6422
34,75,1995
34,76,4871
34,77,7462
34,78,5778
34,79,4722
34,80,4020
34,81,6813
34,82,2704
34,83,7809
34,84,8120
34,85,1991
34,86,9009
34,87,7674
34,88,9859
34,89,6469
34,90,6104
34,91,3166
34,92,176
34,93,9191
34,94,3502
34,95,5083
34,96,7654
34,97,4429
34,98,7636
34,99,7630
35,36,4958
35,37,9445
35,38,4377
35,39,3594
35,40,9716
35,41,4804
35,42,9185
35,43,1612
35,44,7047
35,45,4495
35,46,8044
35,47,104
35,48,5907
35,49,9418
35,50,8169
35,51,6501
35,52,6188
35,53,5814
35,54,4799
35,55,4157
35,56,2825
35,57,4799
35,58,4554
35,59,9788
35,60,4775
35,61,9273
35,62,8354
35,63,2775
35,64,2761
35,65,9811
35,66,522
35,67,8588
35,68,8235
35,69,9904
35,70,4934
35,71,4350
35,72,5022
35,73,2314
35,74,7601
35,75,2194
35,76,9273
35,77,6739
35,78,4247
35,79,5101
35,80,9615
35,81,2538
35,82,1268
35,83,2841
35,84,9294
35,85,1576
35,86,4738
35,87,6197
35,88,8575
35,89,8579
35,90,559
35,91,3747
35,92,550
35,93,7276
35,94,5605
35,95,5428
35,96,2496
35,97,7680
35,98,1850
35,99,352
36,37,1213
36,38,3843
36,39,7977
36,40,140
36,41,2600
36,42,1519
36,43,1337
36,44,6237
36,45,9415
36,46,8511
36,47,7113
36,48,1679
36,49,1296
36,50,9354
36,51,6372
36,52,5847
36,53,4744
36,54,4325
36,55,9041
36,56,540
36,57,2855
36,58,3544
36,59,8714
36,60,4909
36,61,8827
36,62,7353
36,63,3829
36,64,5671
36,65,1965
36,66,743
36,67,6881
36,68,7260
36,69,324
36,70,9828
36,71,1514
36,72,6206
36,73,3727
36,74,3666
36,75,7625
36,76,2496
36,77,9156
36,78,4990
36,79,2072
36,80,5246
36,81,4103
36,82,7378
36,83,9845
36,84,4036
36,85,317
36,86,8681
36,87,4360
36,88,8380
36,89,8740
36,90,9652
36,91,8551
36,92,4880
36,93,8839
36,94,3414
36,95,8902
36,96,6379
36,97,3394
36,98,70
36,99,8712
37,38,5663
37,39,5792
37,40,5479
37,41,9685
37,42,3288
37,43,7102
37,44,7057
37,45,5312
37,46,1564
37,47,8347
37,48,4053
37,49,8034
37,50,8224
37,51,5220
37,52,1982
37,53,5641
37,54,2978
37,55,7810
37,56,3005
37,57,4589
37,58,8514
37,59,2127
37,60,7262
37,61,7780
37,62,8850
37,63,4562
37,64,4046
37,65,4832
37,66,3983
37,67,4879
37,68,5913
37,69,9956
37,70,7727
37,71,9120
37,72,4666
37,73,9491
37,74,16
37,75,4221
37,76,9994
37,77,3666
37,78,9585
37,79,4980
37,80,3600
37,81,6512
37,82,3728
37,83,3814
37,84,4165
37,85,7799
37,86,5233
37,87,5144
37,88,1389
37,89,505
37,90,4402
37,91,3099
37,92,9133
37,93,8493
37,94,1787
37,95,630
37,96,7419
37,97,2678
37,98,1572
37,99,9570
38,39,4709
38,40,3002
38,41,501
38,42,4092
38,43,6691
38,44,9357
38,45,4597
38,46,7033
38,47,8699
38,48,6217
38,49,1167
38,50,192
38,51,7724
38,52,6518
38,53,8147
38,54,5897
38,55,7637
38,56,7452
38,57,2149
38,58,5569
38,59,3095
38,60,6357
38,61,8080
38,62,9054
38,63,7787
38,64,7749
38,65,6204
38,66,8602
38,67,2436
38,68,7134
38,69,4476
38,70,917
38,71,6589
38,72,6326
38,73,4317
38,74,4645
38,75,9451
38,76,913
38,77,9343
38,78,1539
38,79,4027
38,80,8014
38,81,4373
38,82,5319
38,83,8044
38,84,733
38,85,8340
38,86,5974
38,87,1884
38,88,9792
38,89,6918
38,90,6849
38,91,6661
38,92,8435
38,93,5602
38,94,2549
38,95,640
38,96,7817
38,97,6032
38,98,6356
38,99,5112
39,40,6478
39,41,8209
39,42,9910
39,43,934
39,44,6856
39,45,7119
39,46,7185
39,47,7968
39,48,1106
39,49,7650
39,50,2066
39,51,7025
39,52,6479
39,53,2405
39,54,6834
39,55,4175
39,56,3519
39,57,5843
39,58,9258
39,59,1763
39,60,3754
39,61,1701
39,62,6991
39,63,7118
39,64,1284
39,65,8352
39,66,8433
39,67,7620
39,68,7977
39,69,6223
39,70,2069
39,71,3302
39,72,9343
39,73,5854
39,74,7481
39,75,9092
39,76,7495
39,77,4050
39,78,2495
39,79,4115
39,80,4211
39,81,3385
39,82,2407
39,83,7099
39,84,8503
39,85,8819
39,86,6586
39,87,4936
39,88,5610
39,89,6672
39,90,2577
39,91,1704
39,92,9966
39,93,8134
39,94,8756
39,95,1518
39,96,250
39,97,8944
39,98,8274
39,99,706
40,1,1381
40,2,1301
40,3,1989
40,4,7536
40,5,3310
40,6,7540
40,7,2466
40,8,5666
40,9,60
40,41,5832
40,42,4170
40,43,1082
40,44,9377
40,45,4827
40,46,4807
40,47,515
40,48,8270
40,49,2598
40,50,7993
40,51,7063
40,52,5995
40,53,962
40,54,9054
40,55,7904
40,56,3009
40,57,146
40,58,1431
40,59,4337
40,60,5298
40,61,2657
40,62,2112
40,63,5445
40,64,5994
40,65,8732
40,66,2806
40,67,1874
40,68,6130
40,69,6992
40,70,4673
40,71,9239
40,72,3326
40,73,6001
40,74,7055
40,75,889
40,76,3326
40,77,9293
40,78,9099
40,79,3409
40,80,4523
40,81,4077
40,82,9778
40,83,1313
40,84,9317
40,85,4793
40,86,3345
40,87,2065
40,88,5966
40,89,924
40,90,4576
40,91,7455
40,92,1795
40,93,3006
40,94,2412
40,95,7039
40,96,4896
40,97,9303
40,98,1520
40,99,1198
41,42,3168
41,43,9776
41,44,7004
41,45,788
41,46,3658
41,47,3815
41,48,1824
41,49,7644
41,50,5537
41,51,3254
41,52,5339
41,53,9745
41,54,1717
41,55,8148
41,56,3348
41,57,2000
41,58,3907
41,59,9947
41,60,7462
41,61,2854
41,62,985
41,63,1064
41,64,4722
41,65,4987
41,66,3194
41,67,2108
41,68,4238
41,69,7944
41,70,2833
41,71,8789
41,72,7127
41,73,5725
41,74,1034
41,75,9917
41,76,7819
41,77,4847
41,78,5618
41,79,1268
41,80,2656
41,81,9581
41,82,8372
41,83,6786
41,84,9030
41,85,4266
41,86,2767
41,87,6054
41,88,2656
41,89,8654
41,90,5601
41,91,3639
41,92,3273
41,93,4217
41,94,5497
41,95,2022
41,96,7980
41,97,739
41,98,8484
41,99,4411
42,43,3229
42,44,5802
42,45,1995
42,46,9058
42,47,4151
42,48,1081
42,49,1472
42,50,2849
42,51,3460
42,52,7953
42,53,5183
42,54,9772
42,55,5671
42,56,2042
42,57,4059
42,58,6774
42,59,2794
42,60,2320
42,61,3491
42,62,3476
42,63,2992
42,64,8246
42,65,1268
42,66,2894
42,67,3230
42,68,2067
42,69,9499
42,70,3672
42,71,8351
42,72,1356
42,73,6618
42,74,7164
42,75,3608
42,76,6293
42,77,263
42,78,8836
42,79,6280
42,80,8979
42,81,1305
42,82,1214
42,83,3245
42,84,1600
42,85,2245
42,86,7127
42,87,2577
42,88,7219
42,89,398
42,90,2563
42,91,6340
42,92,9149
42,93,8189
42,94,5145
42,95,9266
42,96,2677
42,97,800
42,98,6901
42,99,2989
43,44,420
43,45,326
43,46,844
43,47,4629
43,48,1087
43,49,6639
43,50,2647
43,51,3694
43,52,7840
43,53,5596
43,54,3026
43,55,3046
43,56,171
43,57,4419
43,58,4165
43,59,1708
43,60,869
43,61,1891
43,62,2912
43,63,9906
43,64,6980
43,65,431
43,66,6502
43,67,8534
43,68,3590
43,69,2627
43,70,6954
43,71,354
43,72,9457
43,73,9512
43,74,8986
43,75,6142
43,76,7855
43,77,7718
43,78,2367
43,79,9992
43,80,7988
43,81,8516
43,82,5372
43,83,4942
43,84,240
43,85,9998
43,86,6066
43,87,8186
43,88,5377
43,89,3867
43,90,8938
43,91,1064
43,92,3227
43,93,2772
43,94,7825
43,95,5210
43,96,3040
43,97,2460
43,98,2572
43,99,3641
44,45,554
44,46,2824
44,47,8196
44,48,8715
44,49,7757
44,50,2323
44,51,2863
44,52,2762
44,53,2513
44,54,1738
44,55,9946
44,56,4545
44,57,7365
44,58,2697
44,59,1959
44,60,8651
44,61,6435
44,62,6031
44,63,6026
44,64,9385
44,65,5649
44,66,3158
44,67,2019
44,68,8198
44,69,2891
44,70,893
44,71,7752
44,72,2208
44,73,8007
44,74,8858
44,75,9421
44,76,4863
44,77,4636
44,78,6519
44,79,822
44,80,9092
44,81,3255
44,82,9297
44,83,1569
44,84,8685
44,85,1671
44,86,7439
44,87,1472
44,88,9727
44,89,6207
44,90,8834
44,91,7834
44,92,7808
44,93,3238
44,94,1726
44,95,9046
44,96,9785
44,97,4417
44,98,7891
44,99,9343
45,46,4825
45,47,8058
45,48,989
45,49,4663
45,50,6047
45,51,9782
45,52,5628
45,53,4969
45,54,3134
45,55,5866
45,56,5999
45,57,6383
45,58,155
45,59,1929
45,60,1051
45,61,5100
45,62,9288
45,63,3550
45,64,990
45,65,637
45,66,4285
45,67,5569
45,68,8824
45,69,5391
45,70,8966
45,71,6130
45,72,6877
45,73,4228
45,74,2719
45,75,3980
45,76,2009
45,77,8288
45,78,4866
45,79,2257
45,80,5098
45,81,5387
45,82,6400
45,83,3274
45,84,3650
45,85,4930
45,86,6407
45,87,6629
45,88,6265
45,89,1712
45,90,7718
45,91,140
45,92,4303
45,93,7390
45,94,4177
45,95,3066
45,96,4572
45,97,2587
45,98,5147
45,99,647
46,47,3733
46,48,6831
46,49,3645
46,50,3015
46,51,3998
46,52,8503
46,53,8983
46,54,5902
46,55,7367
46,56,9027
46,57,4788
46,58,7852
46,59,6747
46,60,341
46,61,273
46,62,5537
46,63,5573
46,64,3305
46,65,6810
46,66,7867
46,67,4995
46,68,8702
46,69,3386
46,70,9528
46,71,3291
46,72,3501
46,73,2879
46,74,1023
46,75,8577
46,76,1530
46,77,4596
46,78,7015
46,79,607
46,80,2474
46,81,7882
46,82,1356
46,83,5678
46,84,4240
46,85,5084
46,86,7248
46,87,1033
46,88,8750
46,89,4464
46,90,9569
46,91,7451
46,92,674
46,93,208
46,94,7648
46,95,2209
46,96,3490
46,97,9293
46,98,908
46,99,3649
47,48,9572
47,49,467
47,50,609
47,51,1075
47,52,2860
47,53,3951
47,54,5884
47,55,4867
47,56,9257
47,57,4370
47,58,4514
47,59,551
47,60,1236
47,61,52
47,62,2602
47,63,760
47,64,1077
47,65,5580
47,66,4016
47,67,5220
47,68,731
47,69,6250
47,70,3044
47,71,7988
47,72,4924
47,73,7947
47,74,9286
47,75,8807
47,76,2906
47,77,5114
47,78,919
47,79,5332
47,80,5125
47,81,837
47,82,1152
47,83,7333
47,84,4353
47,85,2344
47,86,521
47,87,8692
47,88,9568
47,89,3188
47,90,9825
47,91,8953
47,92,4302
47,93,7243
47,94,6608
47,95,7620
47,96,7227
47,97,2421
47,98,1816
47,99,9275
48,49,4308
48,50,6207
48,51,3778
48,52,5034
48,53,8562
48,54,2359
48,55,2760
48,56,4097
48,57,195
48,58,6199
48,59,826
48,60,4533
48,61,7910
48,62,73
48,63,2613
48,64,2837
48,65,8304
48,66,7653
48,67,9499
48,68,1044
48,69,2457
48,70,4352
48,71,9126
48,72,9219
48,73,2198
48,74,1988
48,75,9742
48,76,9799
48,77,163
48,78,3730
48,79,5991
48,80,8985
48,81,1207
48,82,2597
48,83,7231
48,84,6916
48,85,4275
48,86,8606
48,87,7296
48,88,2924
48,89,4976
48,90,9035
48,91,4927
48,92,9739
48,93,9973
48,94,7784
48,95,2179
48,96,6715
48,97,1013
48,98,4462
48,99,3193
49,50,9468
49,51,1934
49,52,4959
49,53,3710
49,54,423
49,55,3191
49,56,1011
49,57,1470
49,58,1725
49,59,7223
49,60,7580
49,61,3405
49,62,8028
49,63,756
49,64,9525
49,65,6368
49,66,4063
49,67,1949
49,68,1409
49,69,5490
49,70,9894
49,71,5487
49,72,1802
49,73,8296
49,74,1601
49,75,7257
49,76,407
49,77,5503
49,78,5934
49,79,9771
49,80,8049
49,81,4934
49,82,5056
49,83,4302
49,84,7139
49,85,8473
49,86,2584
49,87,3478
49,88,1816
49,89,3984
49,90,8840
49,91,4801
49,92,2857
49,93,4366
49,94,722
49,95,3415
49,96,2490
49,97,3485
49,98,8017
49,99,2315
50,1,1272
50,2,3655
50,3,4535
50,4,8549
50,5,4425
50,6,9412
50,7,2428
50,8,9616
50,9,7213
50,51,1582
50,52,5647
50,53,9938
50,54,7793
50,55,4326
50,56,3149
50,57,1151
50,58,4197
50,59,5205
50,60,8176
50,61,3246
50,62,3281
50,63,3997
50,64,1330
50,65,8463
50,66,208
50,67,7903
50,68,5365
50,69,198
50,70,123
50,71,3218
50,72,9506
50,73,3377
50,74,530
50,75,9940
50,76,1948
50,77,5490
50,78,2361
50,79,2580
50,80,8170
50,81,7056
50,82,5787
50,83,5653
50,84,5273
50,85,7437
50,86,4972
50,87,7165
50,88,7041
50,89,6087
50,90,7699
50,91,439
50,92,1956
50,93,5347
50,94,8754
50,95,7768
50,96,5318
50,97,6884
50,98,7828
50,99,9399
51,52,6965
51,53,7437
51,54,986
51,55,7811
51,56,6585
51,57,3602
51,58,2519
51,59,581
51,60,2025
51,61,6144
51,62,7988
51,63,6667
51,64,8635
51,65,5778
51,66,9629
51,67,1901
51,68,4430
51,69,5070
51,70,9558
51,71,7458
51,72,1949
51,73,9465
51,74,5855
51,75,8247
51,76,7771
51,77,2472
51,78,1907
51,79,3373
51,80,7189
51,81,2921
51,82,4119
51,83,9151
51,84,8248
51,85,433
51,86,3289
51,87,9924
51,88,7864
51,89,9244
51,90,5303
51,91,9601
51,92,1543
51,93,1942
51,94,5359
51,95,3153
51,96,3462
51,97,3646
51,98,6524
51,99,7765
52,53,2642
52,54,2398
52,55,6693
52,56,2466
52,57,5353
52,58,8122
52,59,6326
52,60,3549
52,61,5527
52,62,9003
52,63,2254
52,64,2879
52,65,3083
52,66,7550
52,67,1574
52,68,5732
52,69,6817
52,70,1072
52,71,8449
52,72,9859
52,73,7233
52,74,2273
52,75,93
52,76,6590
52,77,680
52,78,8124
52,79,5626
52,80,3342
52,81,1843
52,82,4242
52,83,6534
52,84,7426
52,85,4529
52,86,7240
52,87,1138
52,88,9027
52,89,4293
52,90,3749
52,91,4734
52,92,2006
52,93,7438
52,94,1643
52,95,8121
52,96,3621
52,97,6728
52,98,4828
52,99,1324
53,54,8469
53,55,3294
53,56,7204
53,57,2413
53,58,7974
53,59,4286
53,60,9754
53,61,9473
53,62,1941
53,63,3702
53,64,8212
53,65,866
53,66,9852
53,67,5495
53,68,6568
53,69,8100
53,70,8934
53,71,8161
53,72,6076
53,73,1819
53,74,8394
53,75,2400
53,76,3121
53,77,8334
53,78,4376
53,79,6326
53,80,5067
53,81,4413
53,82,3438
53,83,1546
53,84,3966
53,85,7628
53,86,2716
53,87,5194
53,88,6837
53,89,9264
53,90,4141
53,91,6438
53,92,8031
53,93,993
53,94,3436
53,95,1815
53,96,4094
53,97,7070
53,98,3490
53,99,3563
54,55,7
54,56,3576
54,57,2778
54,58,3165
54,59,7661
54,60,6061
54,61,5407
54,62,4763
54,63,2974
54,64,6658
54,65,8345
54,66,4382
54,67,5191
54,68,3373
54,69,4713
54,70,2352
54,71,2293
54,72,7139
54,73,1147
54,74,4354
54,75,2776
54,76,172
54,77,9026
54,78,2044
54,79,9889
54,80,1952
54,81,7372
54,82,7447
54,83,6506
54,84,7032
54,85,1684
54,86,7195
54,87,9794
54,88,7467
54,89,7734
54,90,6661
54,91,196
54,92,6952
54,93,7567
54,94,9457
54,95,9839
54,96,2172
54,97,481
54,98,7139
54,99,6082
55,56,5189
55,57,7187
55,58,5772
55,59,976
55,60,8499
55,61,5533
55,62,6417
55,63,5967
55,64,2038
55,65,4947
55,66,9513
55,67,135
55,68,5965
55,69,5955
55,70,8311
55,71,462
55,72,3262
55,73,7730
55,74,8920
55,75,4496
55,76,4955
55,77,3802
55,78,3566
55,79,2024
55,80,3066
55,81,9911
55,82,4539
55,83,5001
55,84,6509
55,85,9044
55,86,1425
55,87,8361
55,88,2672
55,89,2932
55,90,2169
55,91,9821
55,92,9814
55,93,2919
55,94,4227
55,95,3736
55,96,6854
55,97,8950
55,98,5971
55,99,3793
56,57,5605
56,58,8689
56,59,2247
56,60,2389
56,61,341
56,62,915
56,63,502
56,64,4491
56,65,8302
56,66,7426
56,67,3019
56,68,2580
56,69,6651
56,70,1470
56,71,5110
56,72,835
56,73,8952
56,74,5399
56,75,9279
56,76,7525
56,77,7878
56,78,940
56,79,6818
56,80,4549
56,81,4542
56,82,8032
56,83,6007
56,84,6614
56,85,3691
56,86,6015
56,87,7227
56,88,8185
56,89,8240
56,90,9058
56,91,3990
56,92,4314
56,93,8857
56,94,4238
56,95,1968
56,96,8292
56,97,3681
56,98,7437
56,99,8676
57,58,9876
57,59,2681
57,60,5309
57,61,9847
57,62,6788
57,63,8811
57,64,3793
57,65,3803
57,66,9174
57,67,1733
57,68,7369
57,69,8805
57,70,6942
57,71,4517
57,72,7797
57,73,7583
57,74,3746
57,75,1029
57,76,5903
57,77,6485
57,78,1201
57,79,7905
57,80,3293
57,81,7596
57,82,6927
57,83,3828
57,84,8857
57,85,9805
57,86,8684
57,87,544
57,88,7367
57,89,5797
57,90,8620
57,91,8307
57,92,2603
57,93,8100
57,94,6658
57,95,7642
57,96,3100
57,97,7545
57,98,1036
57,99,6358
58,59,6075
58,60,4467
58,61,6965
58,62,3839
58,63,8667
58,64,5990
58,65,2281
58,66,495
58,67,3125
58,68,2078
58,69,4873
58,70,8094
58,71,3346
58,72,7698
58,73,3334
58,74,3503
58,75,5917
58,76,3874
58,77,8317
58,78,4300
58,79,9652
58,80,1387
58,81,7999
58,82,9187
58,83,3935
58,84,1806
58,85,2281
58,86,8950
58,87,2171
58,88,3866
58,89,841
58,90,8038
58,91,7397
58,92,309
58,93,1227
58,94,4420
58,95,7514
58,96,2914
58,97,8005
58,98,2104
58,99,7935
59,60,8224
59,61,3076
59,62,3348
59,63,6371
59,64,7251
59,65,9391
59,66,3755
59,67,7960
59,68,2967
59,69,6151
59,70,6126
59,71,146
59,72,636
59,73,1881
59,74,9955
59,75,1172
59,76,9273
59,77,7149
59,78,7344
59,79,1496
59,80,5132
59,81,5324
59,82,1145
59,83,7206
59,84,6554
59,85,7275
59,86,1101
59,87,4818
59,88,5496
59,89,9392
59,90,3417
59,91,720
59,92,6962
59,93,5744
59,94,8566
59,95,7870
59,96,444
59,97,1413
59,98,4612
59,99,2631
60,1,8102
60,2,3822
60,3,7378
60,4,4829
60,5,209
60,6,3858
60,7,4598
60,8,749
60,9,5617
60,61,2345
60,62,7435
60,63,2605
60,64,7045
60,65,3452
60,66,7314
60,67,8599
60,68,5172
60,69,4962
60,70,519
60,71,5836
60,72,3694
60,73,9892
60,74,8961
60,75,3934
60,76,6380
60,77,4946
60,78,7524
60,79,7203
60,80,7734
60,81,3788
60,82,3630
60,83,4719
60,84,9970
60,85,8969
60,86,9150
60,87,9986
60,88,5866
60,89,8907
60,90,1975
60,91,7559
60,92,3846
60,93,4864
60,94,8852
60,95,4260
60,96,1202
60,97,5645
60,98,2807
60,99,1694
61,62,1084
61,63,7052
61,64,3388
61,65,2385
61,66,6972
61,67,6222
61,68,736
61,69,2685
61,70,5355
61,71,6203
61,72,7883
61,73,1590
61,74,1403
61,75,4182
61,76,722
61,77,2313
61,78,164
61,79,9224
61,80,541
61,81,2119
61,82,5650
61,83,3146
61,84,3475
61,85,3429
61,86,1713
61,87,7815
61,88,3602
61,89,9820
61,90,5848
61,91,2683
61,92,6205
61,93,5097
61,94,6009
61,95,7018
61,96,1242
61,97,3162
61,98,8393
61,99,4260
62,63,2298
62,64,6786
62,65,2472
62,66,2154
62,67,2554
62,68,9078
62,69,4794
62,70,6501
62,71,6737
62,72,549
62,73,9596
62,74,539
62,75,1233
62,76,1250
62,77,1465
62,78,7316
62,79,5798
62,80,6221
62,81,2162
62,82,905
62,83,6250
62,84,7386
62,85,5019
62,86,9962
62,87,5914
62,88,1176
62,89,3518
62,90,9014
62,91,9839
62,92,5463
62,93,271
62,94,1083
62,95,8960
62,96,637
62,97,588
62,98,1276
62,99,4123
63,64,6754
63,65,7360
63,66,4715
63,67,473
63,68,6208
63,69,267
63,70,9952
63,71,3545
63,72,3947
63,73,8332
63,74,8062
63,75,8230
63,76,6221
63,77,325
63,78,5050
63,79,2809
63,80,2432
63,81,4891
63,82,7589
63,83,9120
63,84,2043
63,85,996
63,86,8695
63,87,458
63,88,7689
63,89,9980
63,90,2412
63,91,8671
63,92,9863
63,93,4919
63,94,3280
63,95,8265
63,96,3799
63,97,4894
63,98,4006
63,99,9975
64,65,7569
64,66,3173
64,67,7620
64,68,5112
64,69,8382
64,70,5350
64,71,5089
64,72,5482
64,73,2776
64,74,3458
64,75,3318
64,76,7492
64,77,5581
64,78,2892
64,79,4159
64,80,1814
64,81,9656
64,82,3652
64,83,6183
64,84,2354
64,85,1572
64,86,1167
64,87,1470
64,88,9705
64,89,5772
64,90,7346
64,91,6357
64,92,4554
64,93,11
64,94,8687
64,95,9037
64,96,3713
64,97,8496
64,98,4704
64,99,5928
65,66,1414
65,67,4447
65,68,3252
65,69,3774
65,70,2922
65,71,267
65,72,8877
65,73,7855
65,74,8712
65,75,2812
65,76,91
65,77,6572
65,78,8719
65,79,4097
65,80,2074
65,81,8088
65,82,1041
65,83,5132
65,84,2065
65,85,6847
65,86,8543
65,87,8505
65,88,2509
65,89,496
65,90,8995
65,91,9222
65,92,7796
65,93,4085
65,94,1552
65,95,1647
65,96,5324
65,97,9476
65,98,2012
65,99,5172
66,67,7627
66,68,6463
66,69,6944
66,70,7782
66,71,4818
66,72,5462
66,73,53
66,74,1136
66,75,2511
66,76,4617
66,77,7196
66,78,521
66,79,7009
66,80,5235
66,81,169
66,82,6974
66,83,9359
66,84,161
66,85,6426
66,86,7236
66,87,456
66,88,7410
66,89,8351
66,90,8457
66,91,9968
66,92,5562
66,93,274
66,94,276
66,95,4472
66,96,4217
66,97,9873
66,98,6634
66,99,3078
67,68,8364
67,69,3725
67,70,9380
67,71,6537
67,72,1880
67,73,9613
67,74,720
67,75,4492
67,76,42
67,77,6954
67,78,3387
67,79,6949
67,80,5485
67,81,8736
67,82,8765
67,83,5375
67,84,3001
67,85,9884
67,86,1748
67,87,2996
67,88,5770
67,89,4345
67,90,5395
67,91,3416
67,92,1730
67,93,1057
67,94,5788
67,95,1718
67,96,2757
67,97,9157
67,98,7696
67,99,6340
68,69,8847
68,70,1753
68,71,6310
68,72,9329
68,73,1429
68,74,365
68,75,5019
68,76,9406
68,77,2225
68,78,9326
68,79,8292
68,80,8039
68,81,9697
68,82,4933
68,83,6769
68,84,6653
68,85,3922
68,86,9285
68,87,7743
68,88,3771
68,89,9244
68,90,4336
68,91,4280
68,92,492
68,93,7329
68,94,24
68,95,9313
68,96,1265
68,97,7146
68,98,1767
68,99,9177
69,70,8362
69,71,381
69,72,5483
69,73,8175
69,74,172
69,75,4952
69,76,6393
69,77,3115
69,78,5386
69,79,5331
69,80,9628
69,81,123
69,82,6314
69,83,843
69,84,4990
69,85,8795
69,86,5847
69,87,4525
69,88,3904
69,89,1023
69,90,1097
69,91,990
69,92,3578
69,93,1126
69,94,5126
69,95,1761
69,96,5857
69,97,6940
69,98,61
69,99,9906
70,1,8684
70,2,4721
70,3,4578
70,4,85
70,5,9151
70,6,2752
70,7,9138
70,8,9898
70,9,1450
70,71,6512
70,72,4167
70,73,91
70,74,8891
70,75,7974
70,76,7102
70,77,9187
70,78,5309
70,79,5002
70,80,879
70,81,3537
70,82,4786
70,83,1860
70,84,700
70,85,2186
70,86,8969
70,87,4457
70,88,5029
70,89,3442
70,90,4280
70,91,2820
70,92,6671
70,93,1586
70,94,4469
70,95,4236
70,96,3390
70,97,1140
70,98,3065
70,99,3990
71,72,8940
71,73,8948
71,74,6130
71,75,7910
71,76,4599
71,77,6912
71,78,502
71,79,5751
71,80,2394
71,81,8428
71,82,4637
71,83,6388
71,84,4237
71,85,6070
71,86,7087
71,87,198
71,88,6276
71,89,4449
71,90,451
71,91,7923
71,92,6217
71,93,8613
71,94,1667
71,95,7306
71,96,2480
71,97,7162
71,98,7218
71,99,2736
72,73,9837
72,74,5459
72,75,8047
72,76,5051
72,77,6572
72,78,5109
72,79,3733
72,80,8388
72,81,382
72,82,5116
72,83,6781
72,84,3577
72,85,9555
72,86,8519
72,87,3144
72,88,1920
72,89,3130
72,90,5845
72,91,4868
72,92,4013
72,93,6592
72,94,5976
72,95,838
72,96,4816
72,97,8632
72,98,8033
72,99,8882
73,74,6132
73,75,5123
73,76,4155
73,77,39
73,78,8571
73,79,4046
73,80,9001
73,81,314
73,82,3685
73,83,3501
73,84,6200
73,85,4537
73,86,2429
73,87,3192
73,88,1626
73,89,3702
73,90,2445
73,91,8954
73,92,7471
73,93,8528
73,94,137
73,95,2533
73,96,7836
73,97,600
73,98,2153
73,99,9934
74,75,6731
74,76,2463
74,77,7006
74,78,9139
74,79,5641
74,80,4475
74,81,8689
74,82,208
74,83,2941
74,84,1223
74,85,8796
74,86,2979
74,87,5204
74,88,1738
74,89,2708
74,90,3805
74,91,8707
74,92,9766
74,93,6581
74,94,5014
74,95,7277
74,96,9511
74,97,8398
74,98,9146
74,99,8714
75,76,9427
75,77,178
75,78,8980
75,79,8254
75,80,347
75,81,862
75,82,4344
75,83,2129
75,84,3621
75,85,1006
75,86,7300
75,87,3883
75,88,6460
75,89,2710
75,90,8732
75,91,5981
75,92,5011
75,93,7664
75,94,189
75,95,6566
75,96,3736
75,97,6182
75,98,5369
75,99,485
76,77,8055
76,78,1252
76,79,5685
76,80,7018
76,81,6653
76,82,3889
76,83,4452
76,84,1667
76,85,4128
76,86,358
76,87,7826
76,88,5405
76,89,5688
76,90,2438
76,91,3565
76,92,4018
76,93,2940
76,94,631
76,95,6518
76,96,9377
76,97,4844
76,98,4712
76,99,4164
77,78,1867
77,79,5231
77,80,2012
77,81,6628
77,82,3579
77,83,9327
77,84,1660
77,85,9873
77,86,541
77,87,8049
77,88,8134
77,89,4475
77,90,9811
77,91,715
77,92,2857
77,93,7756
77,94,4274
77,95,3887
77,96,2627
77,97,9592
77,98,1858
77,99,6175
78,79,39
78,80,1592
78,81,9498
78,82,2125
78,83,6655
78,84,8977
78,85,4349
78,86,8951
78,87,9905
78,88,320
78,89,1863
78,90,1184
78,91,5153
78,92,4075
78,93,9285
78,94,8663
78,95,5352
78,96,5717
78,97,2943
78,98,1899
78,99,9825
79,80,7393
79,81,2076
79,82,8786
79,83,2416
79,84,3497
79,85,8376
79,86,4478
79,87,6120
79,88,5230
79,89,9093
79,90,8593
79,91,1507
79,92,6885
79,93,2081
79,94,9426
79,95,8550
79,96,2639
79,97,5775
79,98,1720
79,99,1852
80,1,6566
80,2,3097
80,3,90
80,4,8961
80,5,7356
80,6,1898
80,7,7717
80,8,9178
80,9,8771
80,81,1879
80,82,3943
80,83,3215
80,84,6016
80,85,8511
80,86,8397
80,87,2948
80,88,7707
80,89,6605
80,90,5066
80,91,1710
80,92,309
80,93,8619
80,94,5097
80,95,2351
80,96,4498
80,97,4486
80,98,3289
80,99,7474
81,82,110
81,83,2834
81,84,7102
81,85,3765
81,86,4961
81,87,4397
81,88,1260
81,89,1582
81,90,3656
81,91,7871
81,92,3423
81,93,5767
81,94,5649
81,95,1343
81,96,1585
81,97,9610
81,98,3986
81,99,9428
82,83,9437
82,84,8901
82,85,1578
82,86,9747
82,87,1498
82,88,4259
82,89,5321
82,90,8907
82,91,7292
82,92,998
82,93,7183
82,94,4147
82,95,2175
82,96,9840
82,97,2390
82,98,1206
82,99,7042
83,84,2387
83,85,632
83,86,4628
83,87,822
83,88,8106
83,89,3912
83,90,1742
83,91,5739
83,92,2867
83,93,2609
83,94,627
83,95,9988
83,96,3893
83,97,7663
83,98,167
83,99,6881
84,85,7130
84,86,9873
84,87,9650
84,88,1608
84,89,1200
84,90,7623
84,91,6070
84,92,4811
84,93,6478
84,94,2255
84,95,6693
84,96,6666
84,97,4909
84,98,2996
84,99,6289
85,86,4001
85,87,2482
85,88,3376
85,89,4715
85,90,3191
85,91,5583
85,92,2064
85,93,2356
85,94,9878
85,95,9675
85,96,6968
85,97,8938
85,98,1785
85,99,7069
86,87,7939
86,88,4817
86,89,6657
86,90,8905
86,91,9802
86,92,3920
86,93,5887
86,94,5103
86,95,9978
86,96,6444
86,97,3
86,98,3986
86,99,1626
87,88,5385
87,89,9494
87,90,6959
87,91,3215
87,92,4386
87,93,3065
87,94,1731
87,95,3906
87,96,6761
87,97,9195
87,98,3824
87,99,1260
88,89,5171
88,90,6419
88,91,3162
88,92,3903
88,93,9020
88,94,4042
88,95,4224
88,96,5608
88,97,4740
88,98,6916
88,99,9673
89,90,8299
89,91,2357
89,92,3409
89,93,3120
89,94,1998
89,95,7479
89,96,4308
89,97,9587
89,98,4980
89,99,8662
90,1,4719
90,2,2872
90,3,7931
90,4,4917
90,5,7257
90,6,8482
90,7,731
90,8,4893
90,9,5268
90,91,6116
90,92,4551
90,93,2816
90,94,5144
90,95,412
90,96,5347
90,97,8849
90,98,5999
90,99,598
91,92,736
91,93,9461
91,94,4569
91,95,5510
91,96,9809
91,97,8072
91,98,1973
91,99,1225
92,93,4532
92,94,5540
92,95,7419
92,96,1843
92,97,4767
92,98,2272
92,99,8078
93,94,5467
93,95,8544
93,96,9263
93,97,5161
93,98,7630
93,99,3543
94,95,8678
94,96,7315
94,97,1821
94,98,8195
94,99,4710
95,96,781
95,97,9753
95,98,6511
95,99,801
96,97,8183
96,98,8139
96,99,8101
97,98,1478
97,99,3966
98,99,38