0,1,2,3,4,5,6,7,8,9,10,11,12,13,14,15,16,17,18,19,20,21,22,23,24,25,26,27,28,29,30,31,32,33,34,35,36,37,38,39,40,41,42,43,44,45,46,47,48,49,50,51,52,53,54,55,56,57,58,59,60,61,62,63,64,65,66,67,68,69,70,71,72,73,74,75,76,77,78,79,80,81,82,83,84,85,86,87,88,89
0,1,2939
0,2,2296
0,3,9282
0,4,5678
0,5,8107
0,6,3515
0,7,8319
0,8,1806
0,9,9225
0,10,7448
0,11,787
0,12,7258
0,13,6958
0,14,4760
0,15,7865
0,16,8217
0,17,7404
0,18,3212
0,19,6029
0,20,2765
0,21,1625
0,22,9253
0,23,4058
0,24,5319
0,25,7146
0,26,3570
0,27,7145
0,28,695
0,29,7701
0,30,371
0,31,3185
0,32,9019
0,33,5309
0,34,116
0,35,4272
0,36,7106
0,37,5308
0,38,1744
0,39,7648
0,40,1125
0,41,325
0,42,19
0,43,5375
0,44,4563
0,45,1304
0,46,9154
0,47,3054
0,48,1924
0,49,1444
0,50,9059
0,51,9454
0,52,4825
0,53,8016
0,54,1655
0,55,5323
0,56,1020
0,57,2901
0,58,9787
0,59,9091
0,60,2498
0,61,8800
0,62,5808
0,63,7129
0,64,7017
0,65,3232
0,66,7142
0,67,9758
0,68,7946
0,69,4600
0,70,9484
0,71,3618
0,72,9243
0,73,2734
0,74,3922
0,75,4582
0,76,7058
0,77,3167
0,78,1640
0,79,9031
0,80,5384
0,81,8401
0,82,4765
0,83,9209
0,84,7849
0,85,5200
0,86,2411
0,87,5628
0,88,2774
0,89,3775
1,2,6541
1,3,6323
1,4,6929
1,5,5672
1,6,2984
1,7,5731
1,8,6304
1,9,6448
1,11,1322
1,12,2315
1,13,8967
1,14,2185
1,15,5590
1,16,8074
1,17,4140
1,18,9526
1,19,6342
1,22,5950
1,23,3457
1,24,4802
1,25,876
1,26,1094
1,27,6829
1,28,6479
1,29,1249
1,32,8156
1,33,2548
1,34,5807
1,35,5612
1,36,8474
1,37,3566
1,38,8020
1,39,7212
1,42,9627
1,43,3062
1,44,8738
1,45,2834
1,46,6457
1,47,3634
1,48,9201
1,49,3921
1,52,5861
1,53,2915
1,54,8737
1,55,316
1,56,2846
1,57,6899
1,58,3281
1,59,693
1,62,9368
1,63,3191
1,64,3913
1,65,427
1,66,3
1,67,1619
1,68,3607
1,69,5814
1,72,4307
1,73,598
1,74,6820
1,75,1356
1,76,4277
1,77,1449
1,78,9582
1,79,9350
1,82,8821
1,83,7055
1,84,6625
1,85,1300
1,86,5273
1,87,9398
1,88,6714
1,89,859
2,3,7686
2,4,3415
2,5,3478
2,6,655
2,7,2330
2,8,6003
2,9,7074
2,11,579
2,12,8492
2,13,9915
2,14,6043
2,15,1753
2,16,5469
2,17,9947
2,18,3612
2,19,4330
2,22,7270
2,23,3825
2,24,1154
2,25,7254
2,26,5562
2,27,5425
2,28,1566
2,29,2137
2,33,5044
2,34,9131
2,35,2475
2,36,622
2,37,2759
2,38,6393
2,39,5566
2,43,6994
2,44,3689
2,45,6684
2,46,4777
2,47,5134
2,48,5456
2,49,7794
2,53,6195
2,54,1393
2,55,8239
2,56,7686
2,57,2607
2,58,3364
2,59,3264
2,63,6870
2,64,1207
2,65,608
2,66,5827
2,67,9400
2,68,2218
2,69,7327
2,73,1627
2,74,8770
2,75,9581
2,76,4582
2,77,5320
2,78,9874
2,79,6283
2,83,330
2,84,4073
2,85,4712
2,86,9679
2,87,8284
2,88,2590
2,89,2449
3,4,4973
3,5,9433
3,6,939
3,7,6754
3,8,3331
3,9,9841
3,11,1080
3,12,8570
3,13,7455
3,14,4477
3,15,4780
3,16,1620
3,17,5284
3,18,8752
3,19,4539
3,22,4458
3,23,8812
3,24,3347
3,25,7829
3,26,7073
3,27,8772
3,28,8642
3,29,3236
3,33,695
3,34,6328
3,35,5914
3,36,6827
3,37,204
3,38,3106
3,39,5044
3,44,7591
3,45,2022
3,46,3239
3,47,9437
3,48,1276
3,49,9974
3,54,3061
3,55,6447
3,56,6982
3,57,2413
3,58,1393
3,59,45
3,64,4915
3,65,6980
3,66,3884
3,67,6248
3,68,7259
3,69,1905
3,74,5741
3,75,328
3,76,1972
3,77,8397
3,78,5956
3,79,4466
3,84,1730
3,85,760
3,86,6873
3,87,5230
3,88,7783
3,89,9872
4,5,8849
4,6,669
4,7,5028
4,8,3823
4,9,858
4,11,2840
4,12,8113
4,13,8821
4,14,3874
4,15,3887
4,16,1703
4,17,6577
4,18,990
4,19,5809
4,22,7952
4,23,8558
4,24,959
4,25,9450
4,26,4565
4,27,3438
4,28,6162
4,29,3884
4,33,2998
4,34,1318
4,35,163
4,36,4865
4,37,2990
4,38,3607
4,39,6538
4,44,679
4,45,2078
4,46,7135
4,47,1409
4,48,1762
4,49,4648
4,55,9394
4,56,1671
4,57,8889
4,58,4339
4,59,6367
4,65,6472
4,66,298
4,67,3010
4,68,998
4,69,8540
4,75,4931
4,76,4747
4,77,9852
4,78,5093
4,79,4121
4,85,7146
4,86,6925
4,87,3687
4,88,7871
4,89,6726
5,6,5983
5,7,4905
5,8,3699
5,9,6980
5,11,3709
5,12,7985
5,13,6837
5,14,1176
5,15,9153
5,16,7820
5,17,3589
5,18,2191
5,19,8286
5,22,629
5,23,381
5,24,7880
5,25,4642
5,26,1072
5,27,5167
5,28,8798
5,29,167
5,33,1414
5,34,6722
5,35,763
5,36,1967
5,37,3729
5,38,5851
5,39,5537
5,44,1284
5,45,3081
5,46,3963
5,47,1014
5,48,5798
5,49,6548
5,55,34
5,56,9467
5,57,5785
5,58,2768
5,59,3369
5,66,6181
5,67,1875
5,68,7464
5,69,8136
5,76,4815
5,77,9765
5,78,2121
5,79,7654
5,86,4236
5,87,814
5,88,9370
5,89,6789
6,7,4022
6,8,836
6,9,405
6,11,1221
6,12,2219
6,13,2408
6,14,6691
6,15,5720
6,16,4182
6,17,5592
6,18,2750
6,19,3271
6,22,8812
6,23,4452
6,24,9595
6,25,3908
6,26,6840
6,27,880
6,28,755
6,29,4297
6,33,6812
6,34,1967
6,35,2581
6,36,384
6,37,8956
6,38,9562
6,39,1928
6,44,5349
6,45,4738
6,46,8570
6,47,8734
6,48,3359
6,49,8768
6,55,8444
6,56,5796
6,57,9896
6,58,5409
6,59,1904
6,66,2249
6,67,8617
6,68,421
6,69,5436
6,77,9914
6,78,4541
6,79,670
6,87,5857
6,88,1710
6,89,1188
7,8,8513
7,9,8341
7,11,693
7,12,9201
7,13,8651
7,14,616
7,15,3061
7,16,3452
7,17,3166
7,18,2214
7,19,1290
7,22,4654
7,23,385
7,24,3593
7,25,5957
7,26,355
7,27,1240
7,28,5231
7,29,7343
7,33,2657
7,34,5687
7,35,3432
7,36,8445
7,37,8800
7,38,633
7,39,1543
7,44,8595
7,45,3606
7,46,5642
7,47,4436
7,48,3885
7,49,7029
7,55,3965
7,56,6815
7,57,2493
7,58,2855
7,59,5519
7,66,3273
7,67,5632
7,68,5094
7,69,2454
7,77,8560
7,78,9768
7,79,4066
7,88,2019
7,89,2489
8,9,6828
8,11,4723
8,12,407
8,13,5578
8,14,8726
8,15,4662
8,16,2011
8,17,623
8,18,9926
8,19,1309
8,22,6163
8,23,8866
8,24,9933
8,25,7572
8,26,1649
8,27,2577
8,28,2888
8,29,2681
8,33,5114
8,34,5254
8,35,2707
8,36,5285
8,37,7444
8,38,6341
8,39,8375
8,44,9129
8,45,9922
8,46,2760
8,47,9565
8,48,7746
8,49,5538
8,55,9776
8,56,8019
8,57,7390
8,58,1490
8,59,386
8,66,9286
8,67,6997
8,68,2355
8,69,1728
8,77,8332
8,78,6106
8,79,3910
8,88,1740
8,89,3376
9,10,3080
9,11,3270
9,12,5718
9,13,2734
9,14,6348
9,15,7107
9,16,2965
9,17,6031
9,18,8525
9,19,5094
9,20,4274
9,21,1095
9,22,57
9,23,7096
9,24,9596
9,25,3551
9,26,3648
9,27,5684
9,28,8005
9,29,7251
9,30,6977
9,31,6259
9,32,2964
9,33,7240
9,34,9998
9,35,9250
9,36,5337
9,37,1068
9,38,5332
9,39,3463
9,40,6386
9,41,7834
9,42,8098
9,43,8346
9,44,9297
9,45,6257
9,46,3971
9,47,9237
9,48,5795
9,49,3995
9,50,8663
9,51,9070
9,52,4448
9,53,993
9,54,7918
9,55,2793
9,56,6997
9,57,5040
9,58,5124
9,59,7029
9,60,8089
9,61,966
9,62,5939
9,63,2450
9,64,5271
9,65,8670
9,66,1001
9,67,6331
9,68,201
9,69,6015
9,70,4666
9,71,6689
9,72,4787
9,73,2940
9,74,6798
9,75,3617
9,76,4349
9,77,5408
9,78,9176
9,79,3920
9,80,3936
9,81,9768
9,82,3869
9,83,7269
9,84,3439
9,85,1550
9,86,2425
9,87,427
9,88,8658
9,89,9128
10,1,2828
10,2,3353
10,3,7716
10,4,4121
10,5,7109
10,6,2173
10,7,9476
10,8,3485
10,11,805
10,12,7772
10,13,9897
10,14,2640
10,15,6893
10,16,3040
10,17,2887
10,18,538
10,19,1232
10,20,5843
10,21,182
10,22,9657
10,23,678
10,24,214
10,25,558
10,26,3608
10,27,8500
10,28,7012
10,29,4966
10,30,5521
10,31,2467
10,32,1285
10,33,1641
10,34,2724
10,35,5606
10,36,7536
10,37,5973
10,38,8703
10,39,9805
10,40,4090
10,41,1607
10,42,1456
10,43,1637
10,44,2942
10,45,9110
10,46,8965
10,47,3792
10,48,7579
10,49,4765
10,50,6311
10,51,403
10,52,1212
10,53,2427
10,54,9968
10,55,7069
10,56,3841
10,57,2021
10,58,9226
10,59,9310
10,60,9884
10,61,5534
10,62,9695
10,63,3581
10,64,1104
10,65,3121
10,66,2554
10,67,4365
10,68,8197
10,69,7053
10,70,2208
10,71,193
10,72,5361
10,73,2921
10,74,3995
10,75,6186
10,76,3501
10,77,4785
10,78,4753
10,79,4303
10,80,7761
10,81,5738
10,82,3167
10,83,1450
10,84,7323
10,85,3029
10,86,3682
10,87,7466
10,88,3118
10,89,6034
11,12,9308
11,13,2082
11,14,1065
11,15,8348
11,16,2581
11,17,7140
11,18,1359
11,19,2655
11,20,2178
11,21,9985
11,22,4062
11,23,3951
11,24,1142
11,25,7817
11,26,9254
11,27,5208
11,28,4498
11,29,4235
11,30,4142
11,31,5189
11,32,7958
11,33,969
11,34,5870
11,35,6206
11,36,6776
11,37,5851
11,38,7819
11,39,2576
11,40,2099
11,41,5901
11,42,9955
11,43,4160
11,44,3261
11,45,9555
11,46,9969
11,47,6441
11,48,9305
11,49,7659
11,50,4656
11,51,2410
11,52,4049
11,53,2825
11,54,9778
11,55,4097
11,56,1828
11,57,1283
11,58,8765
11,59,1822
11,60,3968
11,61,5452
11,62,8428
11,63,6864
11,64,9690
11,65,8624
11,66,6010
11,67,2304
11,68,3464
11,69,9864
11,70,9625
11,71,3495
11,72,3817
11,73,2262
11,74,7738
11,75,4904
11,76,6422
11,77,2566
11,78,1659
11,79,6998
11,80,9384
11,81,8915
11,82,9079
11,83,4750
11,84,5211
11,85,2379
11,86,4588
11,87,5719
11,88,3877
11,89,7286
12,13,7810
12,14,896
12,15,6098
12,16,1093
12,17,6274
12,18,7324
12,19,5260
12,20,9032
12,21,1616
12,22,5990
12,23,9962
12,24,8245
12,25,5239
12,26,5867
12,27,6216
12,28,2813
12,29,7160
12,30,1443
12,31,4065
12,32,3275
12,33,7954
12,34,9517
12,35,1705
12,36,1972
12,37,6235
12,38,8918
12,39,7608
12,40,4878
12,41,5039
12,42,9744
12,43,5335
12,44,6912
12,45,3079
12,46,8291
12,47,1189
12,48,5159
12,49,2150
12,50,3605
12,51,7014
12,52,9609
12,53,6490
12,54,7016
12,55,8978
12,56,8466
12,57,5783
12,58,6840
12,59,890
12,60,2308
12,61,9819
12,62,8782
12,63,4692
12,64,8839
12,65,3841
12,66,2837
12,67,1347
12,68,9000
12,69,2404
12,70,7734
12,71,461
12,72,5890
12,73,4119
12,74,5920
12,75,3464
12,76,8137
12,77,1455
12,78,540
12,79,9697
12,80,7274
12,81,8525
12,82,8910
12,83,7792
12,84,5825
12,85,9473
12,86,8389
12,87,6412
12,88,4504
12,89,9303
13,14,8864
13,15,4071
13,16,4853
13,17,7644
13,18,9468
13,19,5937
13,20,6041
13,21,2599
13,22,8050
13,23,922
13,24,930
13,25,4293
13,26,4928
13,27,6841
13,28,379
13,29,7977
13,30,7299
13,31,5091
13,32,6106
13,33,1834
13,34,7183
13,35,3178
13,36,798
13,37,4156
13,38,4491
13,39,965
13,40,9728
13,41,173
13,42,4327
13,43,2235
13,44,1400
13,45,7235
13,46,2072
13,47,3618
13,48,4364
13,49,2972
13,50,1021
13,51,407
13,52,7835
13,53,9937
13,54,1125
13,55,2735
13,56,3027
13,57,278
13,58,1601
13,59,3747
13,60,5167
13,61,6110
13,62,1735
13,63,6910
13,64,2037
13,65,5859
13,66,2132
13,67,7024
13,68,4617
13,69,4633
13,70,6268
13,71,1009
13,72,3144
13,73,502
13,74,2146
13,75,541
13,76,390
13,77,5911
13,78,7608
13,79,8626
13,80,3502
13,81,2096
13,82,4169
13,83,317
13,84,2089
13,85,8485
13,86,9784
13,87,5371
13,88,3688
13,89,704
14,15,3332
14,16,3018
14,17,2537
14,18,5205
14,19,7331
14,20,4695
14,21,5832
14,22,3674
14,23,5387
14,24,7285
14,25,5246
14,26,3561
14,27,902
14,28,6635
14,29,6293
14,30,8547
14,31,4711
14,32,1060
14,33,959
14,34,729
14,35,8296
14,36,8082
14,37,5582
14,38,7162
14,39,334
14,40,407
14,41,1836
14,42,1393
14,43,5083
14,44,4216
14,45,100
14,46,5263
14,47,5549
14,48,4803
14,49,5955
14,50,5943
14,51,1257
14,52,1133
14,53,9221
14,54,3778
14,55,8267
14,56,6045
14,57,2051
14,58,8718
14,59,3416
14,60,9597
14,61,1045
14,62,5582
14,63,1711
14,64,5305
14,65,9927
14,66,2048
14,67,9714
14,68,6099
14,69,6905
14,70,6867
14,71,8212
14,72,2920
14,73,5442
14,74,6973
14,75,4109
14,76,8898
14,77,1981
14,78,7091
14,79,5272
14,80,3164
14,81,3258
14,82,5517
14,83,5025
14,84,2846
14,85,9570
14,86,3145
14,87,9207
14,88,1395
14,89,5169
15,16,4296
15,17,4546
15,18,1586
15,19,3228
15,20,1147
15,21,4083
15,22,432
15,23,4128
15,24,3516
15,25,7141
15,26,6142
15,27,3446
15,28,8957
15,29,8379
15,30,5669
15,31,367
15,32,9003
15,33,2557
15,34,5741
15,35,6557
15,36,1557
15,37,9908
15,38,2327
15,39,4891
15,40,155
15,41,9461
15,42,7414
15,43,8313
15,44,2481
15,45,8121
15,46,2441
15,47,4222
15,48,472
15,49,4090
15,50,5164
15,51,8097
15,52,5356
15,53,4461
15,54,1338
15,55,4137
15,56,5961
15,57,2753
15,58,6039
15,59,3217
15,60,7385
15,61,5700
15,62,1852
15,63,6333
15,64,1451
15,65,7511
15,66,4580
15,67,8676
15,68,8160
15,69,3888
15,70,2141
15,71,2575
15,72,8966
15,73,2767
15,74,5513
15,75,8456
15,76,5459
15,77,447
15,78,8693
15,79,1140
15,80,6011
15,81,2189
15,82,9158
15,83,3562
15,84,2790
15,85,1016
15,86,725
15,87,9715
15,88,6441
15,89,3671
16,17,3039
16,18,938
16,19,972
16,20,2057
16,21,6805
16,22,1706
16,23,1405
16,24,8196
16,25,8488
16,26,3368
16,27,8770
16,28,2017
16,29,9721
16,30,6814
16,31,2687
16,32,7876
16,33,6683
16,34,2685
16,35,1905
16,36,7446
16,37,6835
16,38,263
16,39,4706
16,40,3122
16,41,8778
16,42,9076
16,43,6439
16,44,6134
16,45,981
16,46,9143
16,47,5605
16,48,2225
16,49,3725
16,50,5342
16,51,8584
16,52,6114
16,53,8227
16,54,9653
16,55,9651
16,56,1642
16,57,3057
16,58,3089
16,59,2841
16,60,8304
16,61,7487
16,62,295
16,63,8190
16,64,9623
16,65,4337
16,66,2632
16,67,4112
16,68,8135
16,69,1351
16,70,6294
16,71,9446
16,72,9435
16,73,8240
16,74,3151
16,75,5226
16,76,3788
16,77,3022
16,78,5737
16,79,5394
16,80,6949
16,81,2599
16,82,8707
16,83,6859
16,84,9972
16,85,1563
16,86,3171
16,87,6964
16,88,5197
16,89,8938
17,18,8269
17,19,8542
17,20,5078
17,21,7843
17,22,6117
17,23,8302
17,24,5093
17,25,5479
17,26,6321
17,27,8741
17,28,5414
17,29,4712
17,30,528
17,31,8449
17,32,6455
17,33,8814
17,34,9701
17,35,1529
17,36,8706
17,37,8136
17,38,7020
17,39,1853
17,40,18
17,41,2609
17,42,2377
17,43,7228
17,44,7313
17,45,5485
17,46,9947
17,47,6216
17,48,5001
17,49,2774
17,50,4938
17,51,9518
17,52,6923
17,53,8583
17,54,6919
17,55,5382
17,56,6936
17,57,8014
17,58,4309
17,59,9523
17,60,7256
17,61,7976
17,62,4745
17,63,8780
17,64,6309
17,65,4556
17,66,7244
17,67,5543
17,68,550
17,69,8067
17,70,1009
17,71,8112
17,72,892
17,73,3306
17,74,8209
17,75,8038
17,76,6845
17,77,6803
17,78,3654
17,79,4868
17,80,4122
17,81,8016
17,82,5114
17,83,5918
17,84,141
17,85,2250
17,86,4462
17,87,429
17,88,2607
17,89,62
18,19,3221
18,20,7092
18,21,2474
18,22,2059
18,23,6902
18,24,61
18,25,7543
18,26,6410
18,27,1166
18,28,7633
18,29,3843
18,30,8275
18,31,8958
18,32,4305
18,33,3710
18,34,3322
18,35,3517
18,36,1917
18,37,3423
18,38,375
18,39,1174
18,40,6983
18,41,2426
18,42,1108
18,43,5681
18,44,6937
18,45,2950
18,46,1090
18,47,9869
18,48,4307
18,49,815
18,50,8909
18,51,2659
18,52,9242
18,53,2333
18,54,4616
18,55,5978
18,56,184
18,57,5453
18,58,8592
18,59,1205
18,60,5656
18,61,8450
18,62,9440
18,63,5214
18,64,4056
18,65,953
18,66,1691
18,67,3935
18,68,801
18,69,7239
18,70,9303
18,71,2302
18,72,240
18,73,32
18,74,9842
18,75,5267
18,76,1419
18,77,5703
18,78,825
18,79,4970
18,80,5647
18,81,1698
18,82,9170
18,83,6619
18,84,8158
18,85,908
18,86,8621
18,87,6392
18,88,1219
18,89,31
19,20,7376
19,21,6961
19,22,7308
19,23,7601
19,24,4444
19,25,4654
19,26,5779
19,27,344
19,28,3780
19,29,9340
19,30,7281
19,31,540
19,32,8933
19,33,2623
19,34,4171
19,35,5593
19,36,5846
19,37,1632
19,38,2208
19,39,3041
19,40,5918
19,41,8244
19,42,2295
19,43,1792
19,44,3768
19,45,554
19,46,2688
19,47,2168
19,48,2943
19,49,5028
19,50,6746
19,51,2035
19,52,5659
19,53,5421
19,54,7132
19,55,8638
19,56,5737
19,57,7328
19,58,3934
19,59,3267
19,60,2726
19,61,9434
19,62,280
19,63,9287
19,64,4044
19,65,9611
19,66,6335
19,67,9713
19,68,9479
19,69,6192
19,70,3104
19,71,7664
19,72,1969
19,73,6856
19,74,4635
19,75,8970
19,76,4377
19,77,6250
19,78,6641
19,79,9375
19,80,2196
19,81,5144
19,82,492
19,83,8759
19,84,3589
19,85,6622
19,86,5800
19,87,2510
19,88,5187
19,89,8938
20,1,2764
20,2,2780
20,3,2876
20,4,317
20,5,4867
20,6,3669
20,7,4205
20,8,7518
20,21,6268
20,22,9923
20,23,485
20,24,332
20,25,6948
20,26,1414
20,27,8981
20,28,9613
20,29,9299
20,30,4236
20,31,4045
20,32,1989
20,33,9055
20,34,2214
20,35,6976
20,36,4189
20,37,3489
20,38,7729
20,39,7389
20,40,5597
20,41,2522
20,42,1840
20,43,5307
20,44,9474
20,45,1867
20,46,5524
20,47,153
20,48,1841
20,49,3103
20,50,4550
20,51,9237
20,52,7096
20,53,109
20,54,9692
20,55,7632
20,56,2897
20,57,6473
20,58,5430
20,59,1791
20,60,6900
20,61,4207
20,62,1015
20,63,3150
20,64,9395
20,65,8661
20,66,6646
20,67,3407
20,68,5811
20,69,1867
20,70,2203
20,71,7911
20,72,2541
20,73,3496
20,74,9983
20,75,6011
20,76,5125
20,77,3527
20,78,9293
20,79,2265
20,80,7604
20,81,9225
20,82,6963
20,83,655
20,84,6076
20,85,9990
20,86,7157
20,87,856
20,88,4909
20,89,6932
21,22,9811
21,23,274
21,24,8001
21,25,2936
21,26,3732
21,27,4351
21,28,4007
21,29,7963
21,30,2247
21,31,2160
21,32,7362
21,33,6484
21,34,7222
21,35,5747
21,36,5848
21,37,7334
21,38,159
21,39,3527
21,40,5264
21,41,1550
21,42,9101
21,43,4658
21,44,89
21,45,9633
21,46,8160
21,47,4165
21,48,6669
21,49,7400
21,50,5614
21,51,6840
21,52,8813
21,53,5222
21,54,455
21,55,848
21,56,1809
21,57,7341
21,58,194
21,59,4621
21,60,4273
21,61,2358
21,62,4023
21,63,4767
21,64,8102
21,65,8139
21,66,1574
21,67,871
21,68,301
21,69,4467
21,70,8929
21,71,7738
21,72,2614
21,73,4722
21,74,8790
21,75,6634
21,76,448
21,77,6141
21,78,1081
21,79,3303
21,80,855
21,81,5992
21,82,4779
21,83,1577
21,84,7382
21,85,5763
21,86,9673
21,87,7908
21,88,4981
21,89,5788
22,23,8975
22,24,6437
22,25,1414
22,26,6346
22,27,2442
22,28,322
22,29,7668
22,30,8989
22,31,138
22,32,6292
22,33,8499
22,34,9329
22,35,3850
22,36,103
22,37,7525
22,38,8367
22,39,9199
22,40,2240
22,41,5758
22,42,4027
22,43,5424
22,44,1549
22,45,5126
22,46,8903
22,47,4367
22,48,8858
22,49,628
22,50,9485
22,51,8277
22,52,8291
22,53,9736
22,54,7950
22,55,4625
22,56,5803
22,57,5188
22,58,5992
22,59,5038
22,60,9550
22,61,2906
22,62,5029
22,63,7989
22,64,7792
22,65,976
22,66,3423
22,67,7754
22,68,4757
22,69,1169
22,70,2714
22,71,6425
22,72,7717
22,73,350
22,74,4752
22,75,5549
22,76,9923
22,77,8138
22,78,612
22,79,8984
22,80,4316
22,81,1382
22,82,2322
22,83,6248
22,84,572
22,85,5296
22,86,6045
22,87,9091
22,88,6804
22,89,3920
23,24,1657
23,25,1003
23,26,7477
23,27,4381
23,28,515
23,29,3947
23,30,8938
23,31,7954
23,32,2391
23,33,4570
23,34,6078
23,35,3933
23,36,5201
23,37,8911
23,38,5400
23,39,2910
23,40,7360
23,41,2924
23,42,9379
23,43,4676
23,44,9008
23,45,4152
23,46,8705
23,47,570
23,48,7910
23,49,3354
23,50,459
23,51,2349
23,52,4539
23,53,2499
23,54,1880
23,55,2681
23,56,869
23,57,5033
23,58,6944
23,59,624
23,60,4513
23,61,9162
23,62,7033
23,63,3687
23,64,7589
23,65,4491
23,66,8610
23,67,9156
23,68,6727
23,69,3904
23,70,6351
23,71,3869
23,72,1286
23,73,9360
23,74,8182
23,75,6215
23,76,1680
23,77,9770
23,78,8505
23,79,9982
23,80,1285
23,81,9038
23,82,1605
23,83,3149
23,84,5508
23,85,9561
23,86,7838
23,87,8374
23,88,5946
23,89,3794
24,25,5516
24,26,5676
24,27,7784
24,28,6944
24,29,1531
24,30,8112
24,31,3016
24,32,7719
24,33,124
24,34,1065
24,35,5985
24,36,999
24,37,7369
24,38,9193
24,39,6357
24,40,7227
24,41,8348
24,42,6492
24,43,3302
24,44,208
24,45,3424
24,46,1028
24,47,3851
24,48,6087
24,49,2689
24,50,5425
24,51,2741
24,52,1827
24,53,2371
24,54,785
24,55,8732
24,56,6374
24,57,4529
24,58,9789
24,59,1028
24,60,6064
24,61,5692
24,62,7069
24,63,5701
24,64,4063
24,65,5063
24,66,3879
24,67,1661
24,68,9084
24,69,8738
24,70,6408
24,71,295
24,72,2092
24,73,2091
24,74,1915
24,75,4886
24,76,8880
24,77,7455
24,78,7860
24,79,5250
24,80,387
24,81,2748
24,82,7360
24,83,1575
24,84,6263
24,85,5211
24,86,7070
24,87,8506
24,88,5483
24,89,2333
25,26,5213
25,27,3892
25,28,466
25,29,5469
25,30,2878
25,31,4886
25,32,872
25,33,4766
25,34,9054
25,35,9503
25,36,6749
25,37,228
25,38,922
25,39,721
25,40,5425
25,41,1379
25,42,8760
25,43,6374
25,44,5111
25,45,6762
25,46,6400
25,47,2857
25,48,369
25,49,7298
25,50,9594
25,51,7234
25,52,1811
25,53,9577
25,54,9947
25,55,7235
25,56,3053
25,57,2728
25,58,7147
25,59,9977
25,60,4779
25,61,4151
25,62,6826
25,63,3275
25,64,931
25,65,4777
25,66,7383
25,67,7098
25,68,9463
25,69,3368
25,70,9605
25,71,8286
25,72,1115
25,73,9075
25,74,5547
25,75,6083
25,76,3032
25,77,7130
25,78,9790
25,79,7315
25,80,6900
25,81,1915
25,82,9121
25,83,2987
25,84,1515
25,85,5086
25,86,7291
25,87,8499
25,88,6863
25,89,7809
26,27,2714
26,28,4804
26,29,1425
26,30,6899
26,31,4225
26,32,7869
26,33,616
26,34,2659
26,35,9585
26,36,2343
26,37,4107
26,38,2791
26,39,2676
26,40,8478
26,41,9691
26,42,5362
26,43,9284
26,44,4895
26,45,943
26,46,2253
26,47,1304
26,48,7886
26,49,4957
26,50,5964
26,51,4939
26,52,830
26,53,6928
26,54,6971
26,55,2954
26,56,3295
26,57,9046
26,58,9535
26,59,8545
26,60,4773
26,61,9714
26,62,5008
26,63,3086
26,64,3635
26,65,4642
26,66,3033
26,67,7816
26,68,6016
26,69,4419
26,70,9772
26,71,3147
26,72,4462
26,73,5320
26,74,2443
26,75,1903
26,76,7855
26,77,5425
26,78,4818
26,79,4364
26,80,8924
26,81,6164
26,82,8522
26,83,7392
26,84,1545
26,85,6903
26,86,5743
26,87,6986
26,88,3437
26,89,5569
27,28,9525
27,29,6705
27,30,4075
27,31,9714
27,32,9059
27,33,2660
27,34,2855
27,35,5603
27,36,4078
27,37,9740
27,38,6226
27,39,7889
27,40,6701
27,41,8357
27,42,8437
27,43,6898
27,44,4481
27,45,4330
27,46,7025
27,47,7495
27,48,4000
27,49,3897
27,50,1732
27,51,355
27,52,7453
27,53,4034
27,54,2043
27,55,6450
27,56,9733
27,57,4841
27,58,8209
27,59,7737
27,60,1685
27,61,4539
27,62,5270
27,63,5817
27,64,9641
27,65,268
27,66,7590
27,67,477
27,68,9992
27,69,7476
27,70,7315
27,71,8999
27,72,6326
27,73,8178
27,74,7351
27,75,2363
27,76,4361
27,77,3063
27,78,5881
27,79,1777
27,80,1798
27,81,4825
27,82,6858
27,83,8734
27,84,4034
27,85,4874
27,86,5429
27,87,4131
27,88,9165
27,89,7155
28,29,8469
28,30,6570
28,31,8690
28,32,4650
28,33,6332
28,34,4026
28,35,2459
28,36,8455
28,37,9825
28,38,5433
28,39,1832
28,40,9640
28,41,9956
28,42,1575
28,43,655
28,44,1529
28,45,2466
28,46,3163
28,47,9408
28,48,7637
28,49,2801
28,50,6702
28,51,1296
28,52,5179
28,53,5568
28,54,9115
28,55,7611
28,56,2426
28,57,623
28,58,9674
28,59,7539
28,60,1230
28,61,2409
28,62,7724
28,63,6272
28,64,5511
28,65,9601
28,66,941
28,67,5120
28,68,5912
28,69,9732
28,70,6613
28,71,7516
28,72,3543
28,73,6734
28,74,9939
28,75,557
28,76,7577
28,77,591
28,78,9267
28,79,8485
28,80,3494
28,81,9664
28,82,8985
28,83,4500
28,84,9058
28,85,8555
28,86,1581
28,87,4786
28,88,2599
28,89,1437
29,30,3537
29,31,6018
29,32,9382
29,33,4151
29,34,2160
29,35,9229
29,36,4807
29,37,163
29,38,3380
29,39,7448
29,40,5542
29,41,7128
29,42,1441
29,43,9140
29,44,4228
29,45,4557
29,46,448
29,47,9327
29,48,3660
29,49,4783
29,50,4863
29,51,5635
29,52,1583
29,53,1708
29,54,4634
29,55,9525
29,56,6369
29,57,8033
29,58,5602
29,59,6851
29,60,9117
29,61,3214
29,62,1860
29,63,2226
29,64,2185
29,65,3492
29,66,4104
29,67,8206
29,68,8752
29,69,4777
29,70,8259
29,71,3600
29,72,5872
29,73,7609
29,74,3187
29,75,2945
29,76,632
29,77,6275
29,78,5304
29,79,9869
29,80,7360
29,81,1041
29,82,1032
29,83,9482
29,84,2688
29,85,237
29,86,3065
29,87,508
29,88,2485
29,89,6547
30,1,5918
30,2,5492
30,3,2314
30,4,6045
30,5,8354
30,6,705
30,7,6581
30,8,8496
30,31,1950
30,32,1584
30,33,7926
30,34,8704
30,35,2704
30,36,6445
30,37,4487
30,38,9757
30,39,7217
30,40,6658
30,41,6084
30,42,3415
30,43,9717
30,44,3620
30,45,421
30,46,8850
30,47,9432
30,48,8771
30,49,1175
30,50,9862
30,51,4953
30,52,9534
30,53,7667
30,54,4300
30,55,2222
30,56,4335
30,57,2742
30,58,5430
30,59,2266
30,60,72
30,61,6554
30,62,6006
30,63,9766
30,64,4225
30,65,6217
30,66,4619
30,67,7190
30,68,6686
30,69,624
30,70,9097
30,71,9766
30,72,854
30,73,4911
30,74,5597
30,75,194
30,76,6722
30,77,9478
30,78,2555
30,79,1621
30,80,6809
30,81,7255
30,82,1659
30,83,9788
30,84,2779
30,85,3599
30,86,9713
30,87,5434
30,88,6311
30,89,2724
31,32,9674
31,33,9208
31,34,2291
31,35,7661
31,36,6699
31,37,3482
31,38,319
31,39,5404
31,40,6326
31,41,1330
31,42,8234
31,43,5120
31,44,2879
31,45,9521
31,46,520
31,47,372
31,48,5417
31,49,3799
31,50,2345
31,51,7624
31,52,4256
31,53,9529
31,54,192
31,55,7093
31,56,6775
31,57,133
31,58,7345
31,59,6881
31,60,1963
31,61,6556
31,62,6058
31,63,4208
31,64,9207
31,65,1745
31,66,2818
31,67,3751
31,68,7613
31,69,2308
31,70,765
31,71,836
31,72,9982
31,73,4654
31,74,3745
31,75,6198
31,76,3156
31,77,2092
31,78,7848
31,79,9941
31,80,2556
31,81,8368
31,82,3318
31,83,1509
31,84,282
31,85,7644
31,86,4263
31,87,7261
31,88,790
31,89,2211
32,33,9706
32,34,4588
32,35,8234
32,36,3668
32,37,5771
32,38,5903
32,39,8438
32,40,3526
32,41,8918
32,42,8096
32,43,1555
32,44,1385
32,45,7380
32,46,5672
32,47,9473
32,48,9885
32,49,3521
32,50,1302
32,51,9351
32,52,500
32,53,8486
32,54,84
32,55,7292
32,56,5944
32,57,2415
32,58,9340
32,59,72
32,60,608
32,61,4818
32,62,4671
32,63,9837
32,64,8041
32,65,8077
32,66,8270
32,67,4790
32,68,7313
32,69,3820
32,70,7667
32,71,7691
32,72,1359
32,73,427
32,74,9821
32,75,1585
32,76,9680
32,77,2141
32,78,572
32,79,6388
32,80,985
32,81,9016
32,82,5038
32,83,6564
32,84,3790
32,85,5875
32,86,8083
32,87,270
32,88,8773
32,89,4477
33,34,2224
33,35,8663
33,36,4173
33,37,1978
33,38,3214
33,39,692
33,40,8640
33,41,800
33,42,2344
33,43,8799
33,44,9575
33,45,4581
33,46,1851
33,47,8945
33,48,4582
33,49,1017
33,50,9338
33,51,5643
33,52,9289
33,53,7535
33,54,8935
33,55,6622
33,56,2736
33,57,2329
33,58,3166
33,59,9242
33,60,6970
33,61,1123
33,62,9100
33,63,3375
33,64,5347
33,65,2504
33,66,877
33,67,3561
33,68,1197
33,69,4605
33,70,8347
33,71,1905
33,72,2
33,73,9308
33,74,26
33,75,2990
33,76,5001
33,77,4743
33,78,5656
33,79,585
33,80,3760
33,81,1536
33,82,7450
33,83,1259
33,84,2600
33,85,1478
33,86,7207
33,87,9486
33,88,1252
33,89,5407
34,35,2749
34,36,1996
34,37,6438
34,38,3012
34,39,6430
34,40,7067
34,41,8138
34,42,6701
34,43,5234
34,44,5478
34,45,3540
34,46,4349
34,47,5612
34,48,4229
34,49,2797
34,50,6568
34,51,7633
34,52,2904
34,53,3106
34,54,2310
34,55,2770
34,56,2232
34,57,6177
34,58,3162
34,59,839
34,60,2996
34,61,4350
34,62,1917
34,63,947
34,64,9493
34,65,8547
34,66,3339
34,67,5972
34,68,9997
34,69,4264
34,70,3932
34,71,7481
34,72,4989
34,73,5346
34,74,6752
34,75,3190
34,76,8377
34,77,3357
34,78,9414
34,79,5337
34,80,3481
34,81,2616
34,82,2721
34,83,7342
34,84,920
34,85,8367
34,86,1059
34,87,5391
34,88,1961
34,89,449
35,36,9591
35,37,9988
35,38,7018
35,39,9401
35,40,9727
35,41,4783
35,42,9225
35,43,1662
35,44,6678
35,45,330
35,46,9341
35,47,166
35,48,927
35,49,992
35,50,8945
35,51,5864
35,52,1009
35,53,1795
35,54,7908
35,55,7298
35,56,1344
35,57,4016
35,58,4686
35,59,4285
35,60,4701
35,61,9128
35,62,6201
35,63,6401
35,64,7097
35,65,5490
35,66,6879
35,67,6804
35,68,1868
35,69,1426
35,70,5926
35,71,4193
35,72,9058
35,73,4445
35,74,1477
35,75,5331
35,76,679
35,77,6128
35,78,7544
35,79,7629
35,80,6508
35,81,6455
35,82,3945
35,83,319
35,84,3
35,85,8968
35,86,4834
35,87,959
35,88,4934
35,89,1381
36,37,1357
36,38,8895
36,39,8073
36,40,5818
36,41,4075
36,42,2287
36,43,6974
36,44,5999
36,45,182
36,46,5043
36,47,8936
36,48,5766
36,49,7739
36,50,6372
36,51,9916
36,52,8081
36,53,2323
36,54,198
36,55,7119
36,56,9481
36,57,1613
36,58,5452
36,59,1730
36,60,5348
36,61,1182
36,62,3478
36,63,6790
36,64,2506
36,65,4919
36,66,2690
36,67,5782
36,68,1274
36,69,1146
36,70,9897
36,71,2965
36,72,2871
36,73,6366
36,74,7928
36,75,8360
36,76,2267
36,77,6371
36,78,1696
36,79,9840
36,80,2584
36,81,5482
36,82,8417
36,83,6673
36,84,2869
36,85,9301
36,86,8859
36,87,2188
36,88,6740
36,89,5680
37,38,2252
37,39,8492
37,40,5408
37,41,2376
37,42,5366
37,43,5560
37,44,5210
37,45,4185
37,46,8370
37,47,771
37,48,1329
37,49,6761
37,50,2073
37,51,2926
37,52,4987
37,53,2025
37,54,2492
37,55,2573
37,56,769
37,57,6855
37,58,7329
37,59,2525
37,60,8582
37,61,6727
37,62,7088
37,63,5034
37,64,9021
37,65,253
37,66,1348
37,67,6955
37,68,7252
37,69,6912
37,70,3974
37,71,3777
37,72,2457
37,73,2556
37,74,6069
37,75,2190
37,76,9439
37,77,5584
37,78,8194
37,79,7249
37,80,2943
37,81,1542
37,82,554
37,83,6116
37,84,3296
37,85,4399
37,86,2790
37,87,6825
37,88,7517
37,89,3794
38,39,5702
38,40,5216
38,41,3903
38,42,9237
38,43,1908
38,44,8500
38,45,3504
38,46,3967
38,47,4595
38,48,488
38,49,1498
38,50,4561
38,51,3130
38,52,9363
38,53,8329
38,54,1381
38,55,3207
38,56,4577
38,57,1809
38,58,8402
38,59,91
38,60,3731
38,61,2319
38,62,196
38,63,399
38,64,9651
38,65,4143
38,66,4805
38,67,8436
38,68,226
38,69,5918
38,70,6140
38,71,2434
38,72,4446
38,73,6110
38,74,2854
38,75,3111
38,76,8680
38,77,1422
38,78,2869
38,79,2144
38,80,8296
38,81,3185
38,82,84
38,83,8220
38,84,2471
38,85,6215
38,86,7142
38,87,4914
38,88,4361
38,89,9915
39,40,9172
39,41,7821
39,42,4161
39,43,1415
39,44,9308
39,45,4893
39,46,711
39,47,5713
39,48,597
39,49,5332
39,50,8633
39,51,1605
39,52,5667
39,53,3304
39,54,6211
39,55,7004
39,56,1668
39,57,7098
39,58,9558
39,59,1149
39,60,6242
39,61,4454
39,62,8459
39,63,4341
39,64,6831
39,65,4284
39,66,8623
39,67,4998
39,68,9987
39,69,9301
39,70,3470
39,71,1393
39,72,8743
39,73,351
39,74,7806
39,75,6974
39,76,9097
39,77,8812
39,78,1516
39,79,3421
39,80,4946
39,81,6178
39,82,404
39,83,2843
39,84,2067
39,85,844
39,86,1528
39,87,9009
39,88,4106
39,89,8276
40,1,5066
40,2,9314
40,3,4487
40,4,4210
40,5,8246
40,6,7945
40,7,2938
40,8,10
40,41,6902
40,42,4465
40,43,9157
40,44,2006
40,45,6819
40,46,8447
40,47,1738
40,48,6389
40,49,2005
40,50,8187
40,51,9788
40,52,6486
40,53,3696
40,54,8070
40,55,5771
40,56,5585
40,57,7105
40,58,5691
40,59,4952
40,60,3342
40,61,2099
40,62,7473
40,63,9372
40,64,8123
40,65,923
40,66,2424
40,67,6421
40,68,4775
40,69,7674
40,70,9785
40,71,4222
40,72,1698
40,73,4015
40,74,2786
40,75,8763
40,76,3004
40,77,5495
40,78,6226
40,79,1639
40,80,9451
40,81,5820
40,82,6845
40,83,9587
40,84,7067
40,85,6292
40,86,1941
40,87,6878
40,88,8987
40,89,8085
41,42,7766
41,43,1423
41,44,907
41,45,1811
41,46,9123
41,47,5309
41,48,5727
41,49,9721
41,50,5031
41,51,513
41,52,3064
41,53,4236
41,54,759
41,55,2390
41,56,4739
41,57,9604
41,58,2332
41,59,4763
41,60,1332
41,61,6088
41,62,2058
41,63,3985
41,64,8256
41,65,2958
41,66,8753
41,67,3502
41,68,7396
41,69,6991
41,70,478
41,71,895
41,72,9278
41,73,9482
41,74,2151
41,75,6231
41,76,2023
41,77,3436
41,78,9867
41,79,5540
41,80,9730
41,81,1126
41,82,4672
41,83,8120
41,84,1798
41,85,6659
41,86,8788
41,87,1790
41,88,9861
41,89,8060
42,43,8511
42,44,6558
42,45,6122
42,46,6242
42,47,5162
42,48,7353
42,49,1612
42,50,401
42,51,1345
42,52,7991
42,53,252
42,54,8015
42,55,8148
42,56,2890
42,57,4426
42,58,8427
42,59,1758
42,60,2742
42,61,4987
42,62,4882
42,63,3396
42,64,8775
42,65,5844
42,66,6646
42,67,9941
42,68,5277
42,69,8803
42,70,7555
42,71,166
42,72,2478
42,73,6193
42,74,2722
42,75,6861
42,76,9712
42,77,2166
42,78,5229
42,79,3199
42,80,4247
42,81,6256
42,82,4296
42,83,4840
42,84,4712
42,85,8470
42,86,6636
42,87,7337
42,88,1131
42,89,4547
43,44,8699
43,45,9317
43,46,519
43,47,8968
43,48,776
43,49,410
43,50,6071
43,51,7447
43,52,5108
43,53,2347
43,54,4537
43,55,2352
43,56,4792
43,57,2375
43,58,4442
43,59,9124
43,60,9679
43,61,3104
43,62,6292
43,63,6191
43,64,3488
43,65,5465
43,66,865
43,67,2867
43,68,1752
43,69,9490
43,70,1596
43,71,2142
43,72,4403
43,73,7026
43,74,3397
43,75,6904
43,76,9714
43,77,3861
43,78,8294
43,79,3735
43,80,9760
43,81,7023
43,82,5744
43,83,6828
43,84,4069
43,85,5103
43,86,1879
43,87,7524
43,88,5236
43,89,4095
44,45,4781
44,46,3562
44,47,1993
44,48,940
44,49,6529
44,50,9210
44,51,8245
44,52,6878
44,53,9106
44,54,2907
44,55,8153
44,56,2719
44,57,8506
44,58,1011
44,59,5160
44,60,7913
44,61,9899
44,62,1106
44,63,1606
44,64,1782
44,65,5887
44,66,1964
44,67,6059
44,68,8556
44,69,1116
44,70,5742
44,71,109
44,72,1158
44,73,1329
44,74,7647
44,75,5250
44,76,5324
44,77,8269
44,78,4253
44,79,9230
44,80,3314
44,81,644
44,82,7682
44,83,1455
44,84,7545
44,85,2722
44,86,2803
44,87,6342
44,88,9760
44,89,9700
45,46,98
45,47,2250
45,48,2636
45,49,2963
45,50,5961
45,51,3343
45,52,3275
45,53,3439
45,54,4171
45,55,8735
45,56,2338
45,57,1650
45,58,7656
45,59,29
45,60,2155
45,61,1085
45,62,4630
45,63,6781
45,64,9250
45,65,770
45,66,6097
45,67,2931
45,68,7169
45,69,1230
45,70,5864
45,71,2666
45,72,4577
45,73,2911
45,74,9065
45,75,506
45,76,3003
45,77,3157
45,78,9970
45,79,3863
45,80,5888
45,81,9238
45,82,5585
45,83,495
45,84,5796
45,85,3405
45,86,5830
45,87,913
45,88,6245
45,89,6400
46,47,3273
46,48,2784
46,49,2097
46,50,2525
46,51,2591
46,52,6108
46,53,8227
46,54,7231
46,55,1707
46,56,8488
46,57,5835
46,58,6706
46,59,5124
46,60,8242
46,61,8023
46,62,7950
46,63,3603
46,64,6463
46,65,3898
46,66,6308
46,67,2935
46,68,9350
46,69,9109
46,70,5461
46,71,5288
46,72,7816
46,73,2837
46,74,2160
46,75,356
46,76,3040
46,77,1642
46,78,9470
46,79,663
46,80,1346
46,81,9919
46,82,6093
46,83,4750
46,84,9206
46,85,7807
46,86,3353
46,87,6745
46,88,2448
46,89,3939
47,48,4660
47,49,4748
47,50,7180
47,51,1707
47,52,4043
47,53,8964
47,54,913
47,55,8414
47,56,1045
47,57,7837
47,58,9644
47,59,9463
47,60,9280
47,61,9695
47,62,1799
47,63,1478
47,64,9270
47,65,1807
47,66,5531
47,67,8760
47,68,3423
47,69,9483
47,70,3442
47,71,3840
47,72,6135
47,73,9694
47,74,2504
47,75,1250
47,76,3641
47,77,8186
47,78,4119
47,79,8431
47,80,1540
47,81,5996
47,82,4454
47,83,3586
47,84,6220
47,85,471
47,86,1333
47,87,5758
47,88,8665
47,89,656
48,49,2119
48,50,5487
48,51,8506
48,52,8827
48,53,7746
48,54,6482
48,55,8589
48,56,7648
48,57,7443
48,58,6315
48,59,9787
48,60,8714
48,61,4088
48,62,5876
48,63,6254
48,64,1513
48,65,8581
48,66,4782
48,67,8224
48,68,1984
48,69,6044
48,70,5234
48,71,7655
48,72,6625
48,73,8231
48,74,1399
48,75,8452
48,76,8298
48,77,7881
48,78,6232
48,79,2250
48,80,4529
48,81,56
48,82,9573
48,83,6006
48,84,3571
48,85,6526
48,86,8290
48,87,9391
48,88,1615
48,89,7784
49,50,9722
49,51,7216
49,52,9645
49,53,7460
49,54,1347
49,55,908
49,56,7500
49,57,9057
49,58,8875
49,59,158
49,60,4427
49,61,8030
49,62,1293
49,63,2235
49,64,370
49,65,8320
49,66,3308
49,67,2249
49,68,7238
49,69,320
49,70,1154
49,71,1880
49,72,5184
49,73,5665
49,74,3962
49,75,9539
49,76,664
49,77,9298
49,78,2955
49,79,8800
49,80,461
49,81,9214
49,82,1105
49,83,6813
49,84,3248
49,85,8540
49,86,3628
49,87,99
49,88,1079
49,89,5847
50,1,9885
50,2,8869
50,3,6962
50,4,7567
50,5,6209
50,6,4783
50,7,6652
50,8,4433
50,51,6648
50,52,7574
50,53,7831
50,54,9262
50,55,3861
50,56,7440
50,57,6484
50,58,2458
50,59,9352
50,60,346
50,61,2819
50,62,5947
50,63,9650
50,64,1172
50,65,9340
50,66,7796
50,67,3678
50,68,6696
50,69,5476
50,70,6599
50,71,3420
50,72,2045
50,73,2596
50,74,8794
50,75,9368
50,76,364
50,77,323
50,78,7774
50,79,6687
50,80,2095
50,81,696
50,82,8290
50,83,2746
50,84,90
50,85,2105
50,86,766
50,87,7914
50,88,8997
50,89,2353
51,52,7925
51,53,7713
51,54,7108
51,55,4249
51,56,9361
51,57,2455
51,58,4260
51,59,6891
51,60,6704
51,61,9608
51,62,3750
51,63,2382
51,64,3419
51,65,4100
51,66,8721
51,67,3467
51,68,8727
51,69,8307
51,70,7528
51,71,9050
51,72,6533
51,73,8354
51,74,7126
51,75,8685
51,76,1108
51,77,9433
51,78,1120
51,79,6266
51,80,9105
51,81,2631
51,82,7261
51,83,2425
51,84,2567
51,85,7017
51,86,8228
51,87,2303
51,88,7093
51,89,4614
52,53,2195
52,54,964
52,55,3615
52,56,6366
52,57,6194
52,58,9826
52,59,5000
52,60,8087
52,61,8989
52,62,8814
52,63,3545
52,64,8309
52,65,8578
52,66,8160
52,67,8791
52,68,9787
52,69,1574
52,70,5975
52,71,1224
52,72,4344
52,73,5374
52,74,6048
52,75,3361
52,76,4389
52,77,6748
52,78,8945
52,79,2042
52,80,2489
52,81,6609
52,82,1091
52,83,3780
52,84,880
52,85,146
52,86,1217
52,87,2768
52,88,8238
52,89,1383
53,54,5420
53,55,5840
53,56,327
53,57,6233
53,58,9682
53,59,232
53,60,3528
53,61,1371
53,62,5741
53,63,7528
53,64,8364
53,65,9821
53,66,9360
53,67,7447
53,68,4673
53,69,2142
53,70,5360
53,71,8737
53,72,1547
53,73,5886
53,74,2436
53,75,5148
53,76,7579
53,77,2363
53,78,5043
53,79,2369
53,80,2461
53,81,1518
53,82,7410
53,83,9958
53,84,8495
53,85,4647
53,86,6032
53,87,1341
53,88,7699
53,89,6185
54,55,2659
54,56,2497
54,57,6826
54,58,1296
54,59,4355
54,60,8531
54,61,7143
54,62,9633
54,63,5843
54,64,441
54,65,9965
54,66,5475
54,67,3336
54,68,5234
54,69,1498
54,70,4568
54,71,5649
54,72,2769
54,73,1842
54,74,2724
54,75,1969
54,76,4741
54,77,1815
54,78,3867
54,79,4438
54,80,727
54,81,8218
54,82,3617
54,83,3272
54,84,6084
54,85,4937
54,86,6599
54,87,1963
54,88,2899
54,89,6799
55,56,5008
55,57,1552
55,58,5456
55,59,3238
55,60,4733
55,61,4967
55,62,3778
55,63,2097
55,64,3268
55,65,7316
55,66,4191
55,67,3183
55,68,6594
55,69,1521
55,70,6843
55,71,109
55,72,2389
55,73,122
55,74,5061
55,75,1262
55,76,9123
55,77,372
55,78,4952
55,79,4314
55,80,1590
55,81,5203
55,82,8885
55,83,4169
55,84,7196
55,85,8263
55,86,1742
55,87,1721
55,88,2749
55,89,8417
56,57,5154
56,58,3738
56,59,2789
56,60,8865
56,61,4117
56,62,5143
56,63,8725
56,64,5835
56,65,4457
56,66,4832
56,67,5138
56,68,9031
56,69,2445
56,70,3032
56,71,3427
56,72,640
56,73,16
56,74,8240
56,75,5917
56,76,6189
56,77,8377
56,78,2771
56,79,1693
56,80,8569
56,81,7569
56,82,7661
56,83,6244
56,84,9451
56,85,5999
56,86,7892
56,87,7254
56,88,3794
56,89,6503
57,58,5053
57,59,8504
57,60,9633
57,61,9207
57,62,8635
57,63,6716
57,64,2598
57,65,687
57,66,2637
57,67,9723
57,68,7358
57,69,1148
57,70,808
57,71,4148
57,72,6643
57,73,9186
57,74,9539
57,75,8650
57,76,9244
57,77,3003
57,78,455
57,79,5589
57,80,4627
57,81,9040
57,82,5820
57,83,1444
57,84,6319
57,85,5126
57,86,5
57,87,5026
57,88,5790
57,89,6309
58,59,129
58,60,4420
58,61,726
58,62,9120
58,63,8677
58,64,2175
58,65,5692
58,66,8682
58,67,8875
58,68,8441
58,69,2491
58,70,105
58,71,4406
58,72,7276
58,73,3186
58,74,8581
58,75,8702
58,76,4134
58,77,3847
58,78,8277
58,79,1877
58,80,8738
58,81,6012
58,82,2618
58,83,6849
58,84,6902
58,85,9845
58,86,1817
58,87,7165
58,88,6857
58,89,9836
59,60,4656
59,61,9288
59,62,675
59,63,4035
59,64,5223
59,65,1520
59,66,3755
59,67,8602
59,68,6827
59,69,4674
59,70,9705
59,71,4118
59,72,8805
59,73,6482
59,74,386
59,75,7004
59,76,4441
59,77,6739
59,78,5262
59,79,745
59,80,7036
59,81,3326
59,82,4452
59,83,3912
59,84,9936
59,85,8574
59,86,7841
59,87,3035
59,88,3325
59,89,8046
60,1,3758
60,2,5684
60,3,4079
60,4,5738
60,5,5382
60,6,2165
60,7,3216
60,8,8215
60,61,8800
60,62,6243
60,63,4584
60,64,4801
60,65,2035
60,66,6541
60,67,5744
60,68,7768
60,69,6264
60,70,8407
60,71,7372
60,72,4698
60,73,3940
60,74,604
60,75,9052
60,76,2208
60,77,2417
60,78,8751
60,79,7303
60,80,7993
60,81,8881
60,82,4445
60,83,7534
60,84,1874
60,85,7430
60,86,825
60,87,2474
60,88,3164
60,89,1236
61,62,6775
61,63,6844
61,64,1767
61,65,7304
61,66,3771
61,67,9100
61,68,5807
61,69,2947
61,70,5679
61,71,7233
61,72,5437
61,73,5439
61,74,1449
61,75,308
61,76,3941
61,77,9362
61,78,8350
61,79,4760
61,80,7561
61,81,4676
61,82,9733
61,83,6220
61,84,6758
61,85,7762
61,86,4669
61,87,5966
61,88,2232
61,89,4133
62,63,5789
62,64,551
62,65,3297
62,66,1643
62,67,7264
62,68,4647
62,69,5062
62,70,3422
62,71,4152
62,72,1289
62,73,1469
62,74,932
62,75,18
62,76,7863
62,77,2325
62,78,356
62,79,1268
62,80,3510
62,81,957
62,82,8675
62,83,2751
62,84,792
62,85,1309
62,86,1800
62,87,9266
62,88,1783
62,89,7105
63,64,8867
63,65,2601
63,66,8382
63,67,1367
63,68,8107
63,69,4187
63,70,9253
63,71,4679
63,72,320
63,73,5711
63,74,8649
63,75,3039
63,76,9650
63,77,8802
63,78,646
63,79,4529
63,80,8524
63,81,6381
63,82,8930
63,83,3148
63,84,1998
63,85,8620
63,86,7366
63,87,2100
63,88,807
63,89,7600
64,65,2112
64,66,5669
64,67,538
64,68,4947
64,69,2026
64,70,1431
64,71,6008
64,72,3762
64,73,4575
64,74,4856
64,75,7909
64,76,7841
64,77,1660
64,78,4087
64,79,9168
64,80,6207
64,81,6019
64,82,7404
64,83,5451
64,84,4260
64,85,4582
64,86,1041
64,87,2914
64,88,3947
64,89,1792
65,66,1601
65,67,769
65,68,6853
65,69,7039
65,70,8914
65,71,9445
65,72,2799
65,73,9536
65,74,3286
65,75,9002
65,76,2939
65,77,3877
65,78,9789
65,79,3260
65,80,8548
65,81,7699
65,82,2549
65,83,2598
65,84,9430
65,85,1830
65,86,2537
65,87,7806
65,88,689
65,89,3859
66,67,1887
66,68,9812
66,69,6850
66,70,5898
66,71,3425
66,72,8668
66,73,2928
66,74,7702
66,75,377
66,76,9866
66,77,5441
66,78,6596
66,79,5855
66,80,8884
66,81,7573
66,82,7268
66,83,772
66,84,5357
66,85,2528
66,86,8421
66,87,3392
66,88,3405
66,89,6193
67,68,9902
67,69,3870
67,70,4307
67,71,860
67,72,8053
67,73,7147
67,74,7991
67,75,3773
67,76,5121
67,77,5848
67,78,5413
67,79,9291
67,80,2262
67,81,6992
67,82,8864
67,83,1718
67,84,8919
67,85,2462
67,86,1258
67,87,2757
67,88,9184
67,89,7970
68,69,1870
68,70,5761
68,71,9623
68,72,694
68,73,5827
68,74,4580
68,75,8337
68,76,2073
68,77,4353
68,78,5366
68,79,1941
68,80,9339
68,81,8967
68,82,4450
68,83,9295
68,84,1564
68,85,3568
68,86,6854
68,87,509
68,88,9828
68,89,3334
69,70,4233
69,71,5344
69,72,3179
69,73,2812
69,74,6489
69,75,9570
69,76,5206
69,77,1567
69,78,4843
69,79,7870
69,80,7633
69,81,9513
69,82,9121
69,83,133
69,84,5008
69,85,4540
69,86,414
69,87,9264
69,88,3042
69,89,5280
70,1,9246
70,2,3323
70,3,9123
70,4,349
70,5,6244
70,6,9932
70,7,9481
70,8,1595
70,71,1003
70,72,5170
70,73,3895
70,74,7210
70,75,9018
70,76,2240
70,77,1202
70,78,3010
70,79,8076
70,80,786
70,81,5875
70,82,4817
70,83,8825
70,84,4848
70,85,5954
70,86,4184
70,87,5521
70,88,7274
70,89,4736
71,72,8774
71,73,5559
71,74,6541
71,75,9043
71,76,4214
71,77,4489
71,78,35
71,79,9620
71,80,6639
71,81,605
71,82,2710
71,83,3950
71,84,200
71,85,2877
71,86,8939
71,87,1389
71,88,446
71,89,2735
72,73,9882
72,74,2906
72,75,4622
72,76,2219
72,77,1703
72,78,2209
72,79,9785
72,80,3723
72,81,5436
72,82,9501
72,83,4623
72,84,908
72,85,5133
72,86,459
72,87,2418
72,88,6128
72,89,2905
73,74,3822
73,75,1300
73,76,5510
73,77,1360
73,78,6965
73,79,3969
73,80,2753
73,81,1587
73,82,1899
73,83,7100
73,84,4998
73,85,5002
73,86,355
73,87,3386
73,88,3998
73,89,5762
74,75,4144
74,76,3304
74,77,6500
74,78,9832
74,79,152
74,80,7496
74,81,5211
74,82,4947
74,83,2425
74,84,5610
74,85,2358
74,86,7355
74,87,5293
74,88,2328
74,89,4414
75,76,887
75,77,3300
75,78,7924
75,79,178
75,80,8466
75,81,7692
75,82,5124
75,83,8339
75,84,6810
75,85,3413
75,86,3789
75,87,5125
75,88,3403
75,89,6139
76,77,68
76,78,1742
76,79,7359
76,80,7441
76,81,9677
76,82,4431
76,83,4279
76,84,8490
76,85,4953
76,86,9036
76,87,2398
76,88,2712
76,89,8031
77,78,1581
77,79,381
77,80,7519
77,81,7355
77,82,9855
77,83,8245
77,84,9012
77,85,6075
77,86,1468
77,87,7098
77,88,6441
77,89,5992
78,79,1340
78,80,6621
78,81,9016
78,82,2452
78,83,7990
78,84,7493
78,85,6149
78,86,7465
78,87,6463
78,88,6752
78,89,7362
79,80,208
79,81,2014
79,82,7000
79,83,457
79,84,4319
79,85,9108
79,86,1526
79,87,9379
79,88,2625
79,89,9363
80,1,3748
80,2,2006
80,3,2439
80,4,9551
80,5,1524
80,6,9920
80,7,3613
80,8,4402
80,81,5788
80,82,4902
80,83,692
80,84,2310
80,85,8673
80,86,306
80,87,3672
80,88,630
80,89,2011
81,82,6667
81,83,6468
81,84,2196
81,85,6127
81,86,2748
81,87,7806
81,88,973
81,89,8816
82,83,9652
82,84,7246
82,85,518
82,86,866
82,87,8387
82,88,9773
82,89,6565
83,84,6517
83,85,5670
83,86,7641
83,87,2041
83,88,7571
83,89,2496
84,85,9390
84,86,8288
84,87,1995
84,88,340
84,89,5404
85,86,8865
85,87,3351
85,88,7492
85,89,5730
86,87,2566
86,88,6610
86,89,3036
87,88,5306
87,89,7630
88,89,1507