0,1,2,3,4,5,6,7,8,9,10,11,12,13,14,15,16,17,18,19,20,21,22,23,24,25,26,27,28,29,30,31,32,33,34,35,36,37,38,39,40,41,42,43,44,45,46,47,48,49,50,51,52,53,54,55,56,57,58,59,60,61,62,63,64,65,66,67,68,69,70,71,72,73,74,75,76,77,78,79,80,81,82,83,84,85,86,87,88,89,90,91,92,93,94,95,96,97,98,99,100,101,102,103,104,105,106,107,108,109,110,111,112,113,114,115,116,117,118,119
0,1,8510
0,2,3519
0,3,6388
0,4,4401
0,5,6210
0,6,7975
0,7,6665
0,8,2581
0,9,5593
0,10,5964
0,11,7563
0,12,7624
0,13,928
0,14,2383
0,15,1893
0,16,1634
0,17,9416
0,18,8057
0,19,5130
0,20,4356
0,21,5961
0,22,5273
0,23,6484
0,24,7185
0,25,7307
0,26,1275
0,27,6802
0,28,8672
0,29,5085
0,30,360
0,31,8328
0,32,8541
0,33,314
0,34,2329
0,35,5229
0,36,8086
0,37,7114
0,38,2276
0,39,2944
0,40,5381
0,41,1340
0,42,6460
0,43,3788
0,44,2356
0,45,9472
0,46,4903
0,47,7612
0,48,5892
0,49,7896
0,50,8587
0,51,7674
0,52,4384
0,53,9993
0,54,3900
0,55,6070
0,56,1375
0,57,6882
0,58,6888
0,59,2473
0,60,5001
0,61,2550
0,62,5142
0,63,1658
0,64,8163
0,65,8259
0,66,2481
0,67,7871
0,68,2923
0,69,5844
0,70,6205
0,71,9893
0,72,544
0,73,6787
0,74,9599
0,75,7211
0,76,8133
0,77,6461
0,78,1336
0,79,6998
0,80,6465
0,81,9986
0,82,6178
0,83,8204
0,84,1111
0,85,369
0,86,8633
0,87,7122
0,88,2078
0,89,6090
0,90,9810
0,91,4070
0,92,8363
0,93,838
0,94,7289
0,95,7479
0,96,2063
0,97,2544
0,98,2709
0,99,6673
0,100,7847
0,101,8095
0,102,3549
0,103,5813
0,104,5985
0,105,9231
0,106,1967
0,107,7917
0,108,1560
0,109,813
0,110,4023
0,111,5749
0,112,9515
0,113,134
0,114,2138
0,115,8422
0,116,5159
0,117,7101
0,118,4737
0,119,4777
1,2,291
1,3,384
1,4,3811
1,5,991
1,6,3683
1,7,941
1,8,8776
1,9,4071
1,11,2268
1,12,205
1,13,5483
1,14,2811
1,15,8769
1,16,5712
1,17,9785
1,18,516
1,19,2809
1,22,2751
1,23,7408
1,24,7792
1,25,3221
1,26,762
1,27,9863
1,28,4916
1,29,5549
1,32,9381
1,33,4828
1,34,8684
1,35,9107
1,36,1814
1,37,9413
1,38,3596
1,39,9220
1,42,727
1,43,3940
1,44,7184
1,45,3522
1,46,8127
1,47,6777
1,48,7420
1,49,5251
1,52,9037
1,53,4781
1,54,4999
1,55,7088
1,56,1289
1,57,7841
1,58,7677
1,59,8877
1,62,3173
1,63,1625
1,64,1273
1,65,5743
1,66,1130
1,67,9178
1,68,7042
1,69,3480
1,72,394
1,73,7657
1,74,7122
1,75,8443
1,76,496
1,77,7468
1,78,1710
1,79,1049
1,82,6082
1,83,2763
1,84,7764
1,85,9532
1,86,1835
1,87,5974
1,88,7214
1,89,1749
1,92,2886
1,93,9890
1,94,8670
1,95,4786
1,96,4262
1,97,6719
1,98,1264
1,99,5935
1,101,5035
1,102,4391
1,103,9484
1,104,1133
1,105,2638
1,106,7398
1,107,7353
1,108,4927
1,109,4393
1,111,6978
1,112,2497
1,113,8701
1,114,1670
1,115,4831
1,116,6272
1,117,4272
1,118,216
1,119,8316
2,3,6406
2,4,3839
2,5,1365
2,6,8423
2,7,4166
2,8,9893
2,9,7347
2,11,5962
2,12,3802
2,13,8223
2,14,6386
2,15,6285
2,16,5399
2,17,2682
2,18,6320
2,19,8158
2,22,412
2,23,3316
2,24,7942
2,25,6864
2,26,3079
2,27,9583
2,28,7268
2,29,579
2,33,4452
2,34,1685
2,35,9646
2,36,9951
2,37,2314
2,38,4181
2,39,3525
2,43,1416
2,44,1592
2,45,4178
2,46,3726
2,47,4510
2,48,9553
2,49,8606
2,53,4343
2,54,6499
2,55,9401
2,56,8874
2,57,7683
2,58,5833
2,59,5324
2,63,9545
2,64,3217
2,65,724
2,66,7468
2,67,9301
2,68,9525
2,69,1783
2,73,9928
2,74,5475
2,75,5635
2,76,6529
2,77,6386
2,78,8854
2,79,6377
2,83,8084
2,84,9600
2,85,5720
2,86,97
2,87,6173
2,88,980
2,89,4287
2,93,6057
2,94,6116
2,95,1633
2,96,4051
2,97,4145
2,98,4141
2,99,3237
2,100,2419
2,101,3435
2,102,970
2,103,8048
2,104,8556
2,105,8552
2,106,2791
2,107,7846
2,108,2800
2,109,2835
2,110,8997
2,111,2532
2,112,1423
2,113,5118
2,114,486
2,115,940
2,116,2838
2,117,1559
2,118,6061
2,119,2414
3,4,2145
3,5,4889
3,6,7935
3,7,7634
3,8,8518
3,9,3615
3,11,8188
3,12,8819
3,13,3554
3,14,896
3,15,5492
3,16,889
3,17,51
3,18,2715
3,19,2547
3,22,5984
3,23,6513
3,24,9349
3,25,5615
3,26,6985
3,27,6270
3,28,7885
3,29,3881
3,33,9027
3,34,5607
3,35,693
3,36,8659
3,37,6474
3,38,2170
3,39,2587
3,44,9946
3,45,7976
3,46,7869
3,47,9468
3,48,5343
3,49,8493
3,54,7042
3,55,510
3,56,7029
3,57,1969
3,58,2824
3,59,8034
3,64,235
3,65,848
3,66,999
3,67,5444
3,68,2406
3,69,8962
3,74,4030
3,75,3361
3,76,6685
3,77,3026
3,78,9095
3,79,2137
3,84,7480
3,85,3729
3,86,556
3,87,9608
3,88,5387
3,89,4417
3,94,1889
3,95,7709
3,96,2527
3,97,4374
3,98,5190
3,99,9107
3,100,5614
3,101,217
3,102,5746
3,103,7475
3,104,4277
3,105,6238
3,106,8013
3,107,2467
3,108,610
3,109,8466
3,110,5902
3,111,9591
3,112,1904
3,113,9877
3,114,7998
3,115,4998
3,116,2701
3,117,5979
3,118,5888
3,119,1637
4,5,1847
4,6,7400
4,7,4607
4,8,3040
4,9,9188
4,11,6761
4,12,166
4,13,5177
4,14,2691
4,15,9500
4,16,1138
4,17,9465
4,18,8203
4,19,3699
4,22,5882
4,23,6756
4,24,7290
4,25,6929
4,26,2044
4,27,3837
4,28,9543
4,29,4368
4,33,4588
4,34,448
4,35,108
4,36,485
4,37,5034
4,38,3717
4,39,6208
4,44,7255
4,45,7903
4,46,7222
4,47,914
4,48,239
4,49,5895
4,55,2881
4,56,5929
4,57,6747
4,58,2078
4,59,5982
4,65,3682
4,66,8757
4,67,55
4,68,3208
4,69,8115
4,75,6373
4,76,9154
4,77,6683
4,78,6967
4,79,2644
4,85,9192
4,86,7580
4,87,1025
4,88,853
4,89,4536
4,95,7115
4,96,150
4,97,7316
4,98,8910
4,99,4769
4,100,2958
4,101,5144
4,102,7934
4,103,9726
4,104,3292
4,105,6838
4,106,3923
4,107,4434
4,108,2047
4,109,5929
4,110,8206
4,111,7035
4,112,1018
4,113,5048
4,114,6059
4,115,1844
4,116,4994
4,117,7961
4,118,3158
4,119,8023
5,6,6612
5,7,2866
5,8,1279
5,9,2398
5,11,743
5,12,4197
5,13,334
5,14,4254
5,15,6762
5,16,4566
5,17,815
5,18,4032
5,19,2704
5,22,9572
5,23,4011
5,24,6944
5,25,1587
5,26,1854
5,27,787
5,28,7607
5,29,56
5,33,3382
5,34,8152
5,35,6495
5,36,164
5,37,458
5,38,6308
5,39,2077
5,44,4536
5,45,3467
5,46,9218
5,47,928
5,48,258
5,49,5811
5,55,5139
5,56,4336
5,57,3621
5,58,1125
5,59,392
5,66,8420
5,67,763
5,68,1775
5,69,1812
5,76,1617
5,77,3176
5,78,844
5,79,1096
5,86,2543
5,87,8811
5,88,2318
5,89,4665
5,96,4990
5,97,5584
5,98,7428
5,99,7489
5,100,1631
5,101,5753
5,102,2137
5,103,5666
5,104,2041
5,105,197
5,106,768
5,107,7106
5,108,4164
5,109,967
5,110,6847
5,111,2137
5,112,6736
5,113,6064
5,114,3884
5,115,6876
5,116,3733
5,117,1773
5,118,3858
5,119,3795
6,7,6121
6,8,3057
6,9,7392
6,11,3512
6,12,9958
6,13,163
6,14,4263
6,15,4467
6,16,6940
6,17,590
6,18,161
6,19,5297
6,22,6036
6,23,8209
6,24,7680
6,25,7199
6,26,648
6,27,811
6,28,9249
6,29,2051
6,33,2336
6,34,8475
6,35,9434
6,36,3566
6,37,8890
6,38,2420
6,39,8679
6,44,7191
6,45,4907
6,46,2687
6,47,1300
6,48,7643
6,49,5639
6,55,84
6,56,1632
6,57,1313
6,58,2828
6,59,5378
6,66,5770
6,67,9096
6,68,9318
6,69,284
6,77,7889
6,78,9409
6,79,6518
6,87,6089
6,88,2088
6,89,2084
6,97,7116
6,98,2112
6,99,2264
6,100,8604
6,101,5679
6,102,9175
6,103,2136
6,104,2168
6,105,7128
6,106,8094
6,107,6345
6,108,1810
6,109,5316
6,110,4168
6,111,6904
6,112,9314
6,113,754
6,114,9646
6,115,4163
6,116,8984
6,117,1172
6,118,9873
6,119,8128
7,8,9527
7,9,8675
7,11,1548
7,12,5931
7,13,3308
7,14,9649
7,15,9338
7,16,6788
7,17,707
7,18,4575
7,19,2322
7,22,4772
7,23,2957
7,24,774
7,25,7087
7,26,3893
7,27,6431
7,28,5697
7,29,2504
7,33,8380
7,34,4696
7,35,9591
7,36,1208
7,37,9464
7,38,3523
7,39,7316
7,44,665
7,45,6948
7,46,3407
7,47,3051
7,48,7503
7,49,9284
7,55,7984
7,56,4165
7,57,2965
7,58,2385
7,59,8151
7,66,763
7,67,7468
7,68,1348
7,69,833
7,77,1624
7,78,5446
7,79,5154
7,88,1314
7,89,9149
7,98,7999
7,99,2757
7,100,241
7,101,2377
7,102,867
7,103,7053
7,104,5234
7,105,7395
7,106,5450
7,107,7900
7,108,6153
7,109,7061
7,110,995
7,111,736
7,112,4230
7,113,2358
7,114,626
7,115,3843
7,116,482
7,117,4635
7,118,2945
7,119,3340
8,9,9575
8,11,7859
8,12,2251
8,13,2018
8,14,8357
8,15,23
8,16,8286
8,17,4697
8,18,6527
8,19,1248
8,22,5604
8,23,9114
8,24,6633
8,25,5940
8,26,2012
8,27,8311
8,28,7400
8,29,6638
8,33,5356
8,34,8091
8,35,2347
8,36,7390
8,37,5771
8,38,821
8,39,7047
8,44,5117
8,45,1560
8,46,3268
8,47,2605
8,48,8998
8,49,7657
8,55,3932
8,56,6883
8,57,8018
8,58,8241
8,59,615
8,66,7160
8,67,2609
8,68,9289
8,69,8434
8,77,1446
8,78,7790
8,79,3856
8,88,2455
8,89,958
8,99,3993
8,100,6888
8,101,9358
8,102,5547
8,103,2521
8,104,1585
8,105,6360
8,106,4907
8,107,8455
8,108,6246
8,109,4109
8,110,4269
8,111,2363
8,112,3782
8,113,2924
8,114,2891
8,115,8254
8,116,6549
8,117,701
8,118,7662
8,119,1709
9,11,5028
9,12,6897
9,13,7757
9,14,4608
9,15,6107
9,16,347
9,17,5312
9,18,7375
9,19,1943
9,22,972
9,23,6807
9,24,4594
9,25,4980
9,26,1430
9,27,3505
9,28,3761
9,29,5637
9,33,2779
9,34,7357
9,35,5985
9,36,9362
9,37,2923
9,38,9726
9,39,5644
9,44,3197
9,45,7695
9,46,815
9,47,7572
9,48,8053
9,49,5937
9,55,3089
9,56,306
9,57,6487
9,58,1831
9,59,5271
9,66,3114
9,67,4828
9,68,1065
9,69,4669
9,77,3243
9,78,2862
9,79,3236
9,88,6900
9,89,6129
9,99,4893
9,100,2171
9,101,1388
9,102,7232
9,103,2701
9,104,6883
9,105,7296
9,106,3181
9,107,7756
9,108,1463
9,109,4338
9,110,2205
9,111,5754
9,112,5933
9,113,5792
9,114,2155
9,115,6526
9,116,5829
9,117,1572
9,118,8341
9,119,4231
10,1,4642
10,2,7452
10,3,8112
10,4,6504
10,5,766
10,6,5241
10,7,6761
10,8,930
10,9,8379
10,100,5828
10,101,406
10,102,7353
10,103,551
10,104,2158
10,105,1283
10,106,4400
10,107,8220
10,108,2710
10,109,132
10,111,9798
10,112,861
10,113,7706
10,114,6273
10,115,6042
10,116,377
10,117,3914
10,118,4123
10,119,2722
11,100,4959
11,101,8104
11,102,3730
11,103,3986
11,104,4373
11,105,9547
11,106,701
11,107,2638
11,108,8477
11,109,8611
11,111,8397
11,112,6288
11,113,4703
11,114,1202
11,115,9534
11,116,669
11,117,1388
11,118,2530
11,119,7528
12,10,7912
12,11,3584
12,13,1943
12,14,1919
12,15,5237
12,16,7420
12,17,5304
12,18,7052
12,19,1115
12,20,3691
12,21,8302
12,22,9716
12,23,3944
12,24,5163
12,25,424
12,26,631
12,27,9622
12,28,175
12,29,8753
12,30,7875
12,31,8184
12,32,787
12,33,2895
12,34,9600
12,35,4107
12,36,1321
12,37,1761
12,38,3864
12,39,7774
12,40,372
12,41,5533
12,42,6221
12,43,2209
12,44,3932
12,45,18
12,46,5831
12,47,7450
12,48,2937
12,49,5634
12,50,3069
12,51,529
12,52,6215
12,53,441
12,54,2021
12,55,1546
12,56,5157
12,57,4761
12,58,4801
12,59,4058
12,60,7374
12,61,2792
12,62,7386
12,63,1810
12,64,7641
12,65,3569
12,66,912
12,67,4984
12,68,5680
12,69,8993
12,70,7861
12,71,7691
12,72,255
12,73,9316
12,74,9376
12,75,6793
12,76,656
12,77,3112
12,78,8322
12,79,4889
12,80,1735
12,81,8807
12,82,9147
12,83,7510
12,84,2612
12,85,7954
12,86,3290
12,87,1671
12,88,6788
12,89,3360
12,90,334
12,91,4198
12,92,4999
12,93,4339
12,94,9257
12,95,2248
12,96,1503
12,97,2428
12,98,9045
12,99,645
12,100,64
12,101,3904
12,102,162
12,103,2130
12,104,7704
12,105,5096
12,106,8699
12,107,2528
12,108,3461
12,109,6012
12,110,2554
12,111,7323
12,112,5735
12,113,6544
12,114,4378
12,115,5762
12,116,6540
12,117,5672
12,118,8419
12,119,5465
13,10,8947
13,11,9551
13,14,5637
13,15,6615
13,16,6607
13,17,9857
13,18,4956
13,19,8026
13,20,8502
13,21,522
13,22,6392
13,23,5158
13,24,5225
13,25,9683
13,26,5188
13,27,9346
13,28,4610
13,29,7082
13,30,9555
13,31,976
13,32,8174
13,33,3974
13,34,3582
13,35,3450
13,36,4718
13,37,982
13,38,4189
13,39,7108
13,40,1419
13,41,7449
13,42,7631
13,43,8322
13,44,2396
13,45,51
13,46,983
13,47,6067
13,48,4745
13,49,1859
13,50,439
13,51,6058
13,52,5434
13,53,5603
13,54,7716
13,55,2426
13,56,9220
13,57,5167
13,58,79
13,59,9695
13,60,6065
13,61,2512
13,62,9201
13,63,6468
13,64,5906
13,65,8556
13,66,2536
13,67,3476
13,68,4026
13,69,3774
13,70,4644
13,71,1641
13,72,5510
13,73,9594
13,74,8127
13,75,9773
13,76,6061
13,77,7613
13,78,4594
13,79,6594
13,80,8997
13,81,541
13,82,7253
13,83,432
13,84,8862
13,85,351
13,86,3365
13,87,5615
13,88,5960
13,89,3082
13,90,3312
13,91,1445
13,92,6058
13,93,2026
13,94,3427
13,95,3281
13,96,1117
13,97,9619
13,98,8400
13,99,4386
13,100,1679
13,101,1976
13,102,4533
13,103,6362
13,104,3699
13,105,291
13,106,2709
13,107,2640
13,108,2302
13,109,7144
13,110,4420
13,111,9546
13,112,6568
13,113,2373
13,114,6251
13,115,1087
13,116,3433
13,117,8984
13,118,3913
13,119,1128
14,10,123
14,11,6158
14,15,7233
14,16,968
14,17,5323
14,18,4310
14,19,2467
14,20,4836
14,21,5910
14,22,8425
14,23,3752
14,24,3932
14,25,6929
14,26,1825
14,27,9508
14,28,4420
14,29,3905
14,30,8299
14,31,4634
14,32,6969
14,33,3902
14,34,5852
14,35,5283
14,36,4545
14,37,3776
14,38,2192
14,39,1604
14,40,1406
14,41,8283
14,42,3429
14,43,5775
14,44,3417
14,45,5372
14,46,2970
14,47,6282
14,48,9124
14,49,6367
14,50,1300
14,51,1732
14,52,4116
14,53,531
14,54,9746
14,55,8994
14,56,9568
14,57,9403
14,58,546
14,59,4467
14,60,3601
14,61,8595
14,62,3786
14,63,8297
14,64,1707
14,65,7240
14,66,3417
14,67,4136
14,68,187
14,69,8235
14,70,4684
14,71,4333
14,72,9388
14,73,4137
14,74,4453
14,75,2111
14,76,6663
14,77,8091
14,78,3760
14,79,9091
14,80,3389
14,81,5668
14,82,3698
14,83,1247
14,84,3533
14,85,1103
14,86,9561
14,87,4554
14,88,8396
14,89,5265
14,90,6236
14,91,1779
14,92,6246
14,93,1837
14,94,3419
14,95,7411
14,96,9314
14,97,5086
14,98,184
14,99,6107
14,100,5080
14,101,2673
14,102,8550
14,103,6025
14,104,7276
14,105,7000
14,106,7892
14,107,35
14,108,7648
14,109,140
14,110,9289
14,111,8796
14,112,5276
14,113,6745
14,114,9396
14,115,4879
14,116,196
14,117,5494
14,118,7689
14,119,4733
15,10,1448
15,11,6736
15,16,4363
15,17,1619
15,18,9217
15,19,827
15,20,6659
15,21,5407
15,22,6059
15,23,9919
15,24,8937
15,25,1716
15,26,2563
15,27,6390
15,28,6039
15,29,4556
15,30,1098
15,31,2788
15,32,7063
15,33,1301
15,34,4722
15,35,1024
15,36,1812
15,37,6312
15,38,7755
15,39,9162
15,40,2805
15,41,7535
15,42,2040
15,43,8319
15,44,4445
15,45,1410
15,46,1626
15,47,8226
15,48,2933
15,49,2084
15,50,5148
15,51,57
15,52,1313
15,53,2695
15,54,2830
15,55,4261
15,56,4655
15,57,8922
15,58,7903
15,59,6387
15,60,7151
15,61,6048
15,62,6099
15,63,5341
15,64,2552
15,65,6907
15,66,3122
15,67,2331
15,68,2546
15,69,9412
15,70,6819
15,71,1124
15,72,5349
15,73,6353
15,74,927
15,75,4002
15,76,7703
15,77,9648
15,78,3810
15,79,4237
15,80,7503
15,81,8977
15,82,8095
15,83,409
15,84,799
15,85,4310
15,86,2470
15,87,9898
15,88,2613
15,89,6046
15,90,7598
15,91,2773
15,92,6677
15,93,223
15,94,6212
15,95,5193
15,96,8680
15,97,2221
15,98,7116
15,99,2245
15,100,5578
15,101,7043
15,102,7289
15,103,6815
15,104,1537
15,105,9664
15,106,9582
15,107,9946
15,108,459
15,109,3920
15,110,8396
15,111,2908
15,112,1438
15,113,5797
15,114,3506
15,115,3413
15,116,9695
15,117,906
15,118,6651
15,119,8000
16,10,5252
16,11,4955
16,17,2627
16,18,9545
16,19,8508
16,20,1055
16,21,4243
16,22,1618
16,23,3217
16,24,2314
16,25,4647
16,26,6433
16,27,6159
16,28,3670
16,29,9326
16,30,4871
16,31,446
16,32,4234
16,33,539
16,34,6827
16,35,468
16,36,355
16,37,6556
16,38,5715
16,39,9263
16,40,5636
16,41,2796
16,42,9570
16,43,73
16,44,1000
16,45,5735
16,46,189
16,47,4774
16,48,749
16,49,3394
16,50,6695
16,51,3338
16,52,4160
16,53,720
16,54,3291
16,55,5434
16,56,6461
16,57,5737
16,58,9418
16,59,8875
16,60,8315
16,61,5042
16,62,3748
16,63,6775
16,64,916
16,65,7908
16,66,8654
16,67,4953
16,68,7386
16,69,429
16,70,8358
16,71,6834
16,72,717
16,73,2552
16,74,4823
16,75,8748
16,76,8448
16,77,6490
16,78,6495
16,79,5451
16,80,629
16,81,8370
16,82,5578
16,83,2394
16,84,1948
16,85,614
16,86,2686
16,87,9716
16,88,6284
16,89,6727
16,90,7179
16,91,2975
16,92,8244
16,93,9703
16,94,8838
16,95,9050
16,96,242
16,97,1425
16,98,5514
16,99,496
16,100,9110
16,101,7879
16,102,7532
16,103,5180
16,104,6326
16,105,908
16,106,6231
16,107,3955
16,108,7512
16,109,3203
16,110,9212
16,111,9528
16,112,8924
16,113,7594
16,114,5058
16,115,780
16,116,8920
16,117,5494
16,118,8109
16,119,1011
17,10,8800
17,11,6623
17,18,7229
17,19,4474
17,20,3270
17,21,8037
17,22,5796
17,23,8158
17,24,9698
17,25,1037
17,26,1927
17,27,7276
17,28,3850
17,29,7488
17,30,1601
17,31,2720
17,32,4455
17,33,8745
17,34,7829
17,35,9945
17,36,4475
17,37,9637
17,38,9819
17,39,5193
17,40,6713
17,41,1061
17,42,834
17,43,4020
17,44,1262
17,45,6376
17,46,896
17,47,7409
17,48,5317
17,49,6447
17,50,3593
17,51,8598
17,52,7927
17,53,5187
17,54,8889
17,55,4942
17,56,4132
17,57,5262
17,58,6251
17,59,1176
17,60,6374
17,61,9997
17,62,8832
17,63,6649
17,64,7315
17,65,5120
17,66,3354
17,67,6449
17,68,3222
17,69,504
17,70,4479
17,71,2445
17,72,5136
17,73,5465
17,74,8524
17,75,8341
17,76,4102
17,77,9219
17,78,2616
17,79,3354
17,80,7943
17,81,199
17,82,5161
17,83,3025
17,84,9744
17,85,9613
17,86,2543
17,87,5156
17,88,4789
17,89,9090
17,90,8901
17,91,6513
17,92,2851
17,93,7821
17,94,184
17,95,6501
17,96,2219
17,97,1504
17,98,950
17,99,4943
17,100,922
17,101,9568
17,102,9836
17,103,9185
17,104,6651
17,105,4039
17,106,2091
17,107,203
17,108,4316
17,109,1691
17,110,2392
17,111,7170
17,112,8888
17,113,1948
17,114,9032
17,115,7150
17,116,3627
17,117,7768
17,118,482
17,119,7385
18,10,9736
18,11,1524
18,19,1807
18,20,6238
18,21,9093
18,22,2198
18,23,5635
18,24,8070
18,25,4125
18,26,268
18,27,3708
18,28,50
18,29,1985
18,30,5240
18,31,4047
18,32,420
18,33,3293
18,34,4638
18,35,2309
18,36,8268
18,37,8774
18,38,1720
18,39,1227
18,40,2495
18,41,7388
18,42,2137
18,43,8209
18,44,3452
18,45,1905
18,46,6274
18,47,4582
18,48,6070
18,49,8886
18,50,920
18,51,600
18,52,8999
18,53,5602
18,54,7995
18,55,4427
18,56,146
18,57,2797
18,58,6914
18,59,7414
18,60,8494
18,61,7098
18,62,8084
18,63,3097
18,64,9666
18,65,7461
18,66,8913
18,67,4779
18,68,8066
18,69,5927
18,70,3746
18,71,1192
18,72,2170
18,73,7624
18,74,1221
18,75,4898
18,76,1468
18,77,6619
18,78,7688
18,79,5815
18,80,5095
18,81,1787
18,82,9620
18,83,1570
18,84,935
18,85,6324
18,86,1649
18,87,833
18,88,4741
18,89,9243
18,90,2509
18,91,5393
18,92,2397
18,93,7618
18,94,8364
18,95,4657
18,96,5326
18,97,1746
18,98,7934
18,99,4757
18,100,3479
18,101,7890
18,102,8980
18,103,1814
18,104,4964
18,105,4594
18,106,8625
18,107,415
18,108,5102
18,109,9631
18,110,5053
18,111,7851
18,112,920
18,113,8878
18,114,2765
18,115,3181
18,116,9290
18,117,3957
18,118,7950
18,119,1377
19,10,8409
19,11,3609
19,20,692
19,21,3578
19,22,912
19,23,6697
19,24,5554
19,25,6136
19,26,1777
19,27,2819
19,28,3209
19,29,1508
19,30,4200
19,31,6456
19,32,2676
19,33,175
19,34,1711
19,35,269
19,36,9813
19,37,6377
19,38,2607
19,39,7065
19,40,801
19,41,3215
19,42,9439
19,43,9865
19,44,4351
19,45,8735
19,46,3658
19,47,9765
19,48,1235
19,49,4940
19,50,7676
19,51,3340
19,52,9268
19,53,6636
19,54,9639
19,55,9602
19,56,3657
19,57,5639
19,58,7384
19,59,9368
19,60,6329
19,61,5357
19,62,9547
19,63,9312
19,64,8950
19,65,7847
19,66,4032
19,67,7388
19,68,3331
19,69,3867
19,70,6339
19,71,1513
19,72,1339
19,73,6900
19,74,6100
19,75,6203
19,76,1434
19,77,8922
19,78,9642
19,79,1928
19,80,8152
19,81,5608
19,82,7297
19,83,5127
19,84,9356
19,85,3526
19,86,162
19,87,6809
19,88,8909
19,89,2331
19,90,9763
19,91,4983
19,92,2791
19,93,5290
19,94,7609
19,95,4171
19,96,3117
19,97,4117
19,98,3823
19,99,2314
19,100,3826
19,101,8844
19,102,4019
19,103,5777
19,104,6826
19,105,1629
19,106,1734
19,107,9389
19,108,2850
19,109,3196
19,110,7017
19,111,9868
19,112,7927
19,113,2994
19,114,6090
19,115,2722
19,116,9013
19,117,992
19,118,8453
19,119,5105
20,1,6702
20,2,1093
20,3,1890
20,4,50
20,5,2722
20,6,5330
20,7,254
20,8,118
20,9,6512
20,10,6735
20,11,3521
20,21,1710
20,22,1471
20,23,3701
20,24,4878
20,25,812
20,26,3508
20,27,8514
20,28,4647
20,29,6150
20,30,333
20,31,7489
20,32,3717
20,33,2398
20,34,2669
20,35,2549
20,36,7541
20,37,2699
20,38,6466
20,39,9172
20,40,8633
20,41,8446
20,42,1137
20,43,6131
20,44,7661
20,45,1763
20,46,9589
20,47,7141
20,48,4258
20,49,4366
20,50,9023
20,51,2359
20,52,9223
20,53,4336
20,54,4595
20,55,5213
20,56,9279
20,57,4186
20,58,8827
20,59,5354
20,60,9515
20,61,8032
20,62,3900
20,63,2504
20,64,4319
20,65,5805
20,66,3703
20,67,5397
20,68,8716
20,69,6615
20,70,3977
20,71,6448
20,72,7196
20,73,9527
20,74,9358
20,75,8690
20,76,5671
20,77,9871
20,78,497
20,79,8932
20,80,8539
20,81,2147
20,82,2173
20,83,6428
20,84,2395
20,85,7608
20,86,9898
20,87,5805
20,88,905
20,89,4020
20,90,9767
20,91,2142
20,92,950
20,93,111
20,94,1962
20,95,197
20,96,6265
20,97,3291
20,98,8071
20,99,1947
20,100,3916
20,101,8604
20,102,4964
20,103,5045
20,104,3501
20,105,6413
20,106,2963
20,107,4404
20,108,4067
20,109,7040
20,110,7841
20,111,3807
20,112,6054
20,113,2683
20,114,5779
20,115,5048
20,116,731
20,117,8739
20,118,2451
20,119,4262
21,22,2521
21,23,841
21,24,2
21,25,9379
21,26,5305
21,27,6004
21,28,6552
21,29,6144
21,30,984
21,31,8799
21,32,1687
21,33,599
21,34,5412
21,35,504
21,36,6958
21,37,2807
21,38,4978
21,39,7335
21,40,909
21,41,1789
21,42,4598
21,43,2415
21,44,8379
21,45,799
21,46,4406
21,47,945
21,48,2312
21,49,8359
21,50,8598
21,51,7671
21,52,9755
21,53,7617
21,54,2589
21,55,352
21,56,9987
21,57,9821
21,58,2574
21,59,3283
21,60,2968
21,61,6664
21,62,9951
21,63,5585
21,64,7797
21,65,638
21,66,2680
21,67,3176
21,68,5582
21,69,1811
21,70,9399
21,71,6171
21,72,1477
21,73,5038
21,74,6043
21,75,3709
21,76,4162
21,77,3888
21,78,9014
21,79,9914
21,80,2159
21,81,7364
21,82,5724
21,83,3530
21,84,5331
21,85,9984
21,86,4789
21,87,2549
21,88,5586
21,89,1265
21,90,8351
21,91,4118
21,92,8991
21,93,5764
21,94,2409
21,95,8246
21,96,9051
21,97,2255
21,98,408
21,99,3519
21,100,573
21,101,6592
21,102,8792
21,103,3193
21,104,1550
21,105,333
21,106,6386
21,107,3613
21,108,58
21,109,817
21,110,4428
21,111,8312
21,112,3844
21,113,2940
21,114,3577
21,115,6070
21,116,7467
21,117,4561
21,118,1168
21,119,5638
22,10,2091
22,11,9246
22,23,252
22,24,7496
22,25,3124
22,26,127
22,27,7577
22,28,901
22,29,2984
22,30,1485
22,31,3166
22,32,2839
22,33,1453
22,34,9239
22,35,1200
22,36,3405
22,37,2045
22,38,6978
22,39,3454
22,40,2848
22,41,1734
22,42,1010
22,43,2517
22,44,7030
22,45,1149
22,46,3020
22,47,604
22,48,7438
22,49,903
22,50,9118
22,51,5736
22,52,7697
22,53,7500
22,54,802
22,55,4979
22,56,579
22,57,6939
22,58,8219
22,59,3884
22,60,8552
22,61,627
22,62,1094
22,63,2442
22,64,274
22,65,9852
22,66,5677
22,67,1892
22,68,7480
22,69,9292
22,70,3805
22,71,8225
22,72,8690
22,73,3118
22,74,808
22,75,4764
22,76,3540
22,77,1836
22,78,6418
22,79,667
22,80,682
22,81,5684
22,82,2378
22,83,2807
22,84,6099
22,85,6440
22,86,483
22,87,3063
22,88,7840
22,89,1096
22,90,178
22,91,7364
22,92,1423
22,93,2361
22,94,7155
22,95,9121
22,96,58
22,97,4936
22,98,5076
22,99,7592
22,100,5783
22,101,321
22,102,9806
22,103,3377
22,104,7879
22,105,141
22,106,335
22,107,394
22,108,5222
22,109,1043
22,110,5460
22,111,2200
22,112,3339
22,113,263
22,114,9775
22,115,516
22,116,6229
22,117,7031
22,118,5366
22,119,2556
23,10,3522
23,11,182
23,24,1342
23,25,66
23,26,6453
23,27,9348
23,28,7399
23,29,1994
23,30,739
23,31,4483
23,32,5943
23,33,786
23,34,5284
23,35,7951
23,36,1314
23,37,5427
23,38,1391
23,39,9004
23,40,7866
23,41,6970
23,42,5420
23,43,2153
23,44,3763
23,45,3583
23,46,9418
23,47,1962
23,48,1634
23,49,730
23,50,7168
23,51,8145
23,52,313
23,53,9827
23,54,7911
23,55,7613
23,56,3752
23,57,95
23,58,3886
23,59,5128
23,60,2752
23,61,974
23,62,8906
23,63,9636
23,64,8232
23,65,2683
23,66,2693
23,67,2063
23,68,8221
23,69,189
23,70,2906
23,71,7438
23,72,1131
23,73,2939
23,74,187
23,75,1401
23,76,5046
23,77,2852
23,78,7024
23,79,8953
23,80,8
23,81,190
23,82,4358
23,83,1099
23,84,4022
23,85,7904
23,86,1059
23,87,8708
23,88,8262
23,89,6430
23,90,83
23,91,2205
23,92,3239
23,93,7424
23,94,4587
23,95,7749
23,96,7346
23,97,1942
23,98,8779
23,99,7294
23,100,8236
23,101,3007
23,102,7825
23,103,4458
23,104,9369
23,105,4402
23,106,256
23,107,1612
23,108,8667
23,109,3623
23,110,2480
23,111,724
23,112,8863
23,113,620
23,114,6843
23,115,5021
23,116,8706
23,117,9532
23,118,6368
23,119,5863
24,10,9692
24,11,9347
24,25,1191
24,26,8686
24,27,3827
24,28,6604
24,29,2875
24,30,4333
24,31,2820
24,32,5253
24,33,4770
24,34,9012
24,35,446
24,36,4929
24,37,978
24,38,1776
24,39,2798
24,40,2671
24,41,1022
24,42,3316
24,43,5409
24,44,6548
24,45,7691
24,46,5329
24,47,7398
24,48,110
24,49,3146
24,50,5358
24,51,7007
24,52,9522
24,53,3421
24,54,2301
24,55,2927
24,56,2120
24,57,3900
24,58,7877
24,59,5349
24,60,2537
24,61,7657
24,62,8221
24,63,1436
24,64,1968
24,65,6506
24,66,8838
24,67,7995
24,68,2692
24,69,785
24,70,75
24,71,7629
24,72,6260
24,73,4461
24,74,3523
24,75,7247
24,76,3746
24,77,4630
24,78,5625
24,79,4582
24,80,253
24,81,8786
24,82,9499
24,83,248
24,84,2662
24,85,2143
24,86,3100
24,87,5119
24,88,7992
24,89,6042
24,90,5063
24,91,2347
24,92,6212
24,93,5620
24,94,9196
24,95,695
24,96,842
24,97,7084
24,98,288
24,99,1055
24,100,5936
24,101,8917
24,102,3909
24,103,6158
24,104,9461
24,105,5785
24,106,501
24,107,8930
24,108,9097
24,109,2787
24,110,5137
24,111,2532
24,112,1354
24,113,1299
24,114,9198
24,115,4681
24,116,1624
24,117,5811
24,118,3015
24,119,8711
25,10,2881
25,11,6458
25,26,8456
25,27,6082
25,28,2736
25,29,7290
25,30,1628
25,31,6520
25,32,3222
25,33,4063
25,34,3214
25,35,7034
25,36,8918
25,37,4390
25,38,9192
25,39,6250
25,40,6746
25,41,949
25,42,3339
25,43,8135
25,44,2835
25,45,447
25,46,8315
25,47,1282
25,48,9931
25,49,8247
25,50,2470
25,51,524
25,52,209
25,53,5694
25,54,902
25,55,9177
25,56,4033
25,57,7308
25,58,671
25,59,7000
25,60,4845
25,61,2566
25,62,3882
25,63,1966
25,64,7191
25,65,1724
25,66,8005
25,67,4815
25,68,4272
25,69,74
25,70,4073
25,71,791
25,72,1213
25,73,2998
25,74,700
25,75,2060
25,76,8743
25,77,8371
25,78,4063
25,79,1184
25,80,1894
25,81,7228
25,82,6497
25,83,2226
25,84,8466
25,85,1110
25,86,6486
25,87,3937
25,88,3579
25,89,6074
25,90,1180
25,91,8452
25,92,3772
25,93,5671
25,94,9206
25,95,4512
25,96,3876
25,97,3281
25,98,2252
25,99,88
25,100,5742
25,101,9978
25,102,8524
25,103,1907
25,104,2788
25,105,6440
25,106,6342
25,107,9109
25,108,8584
25,109,3027
25,110,2076
25,111,9788
25,112,6545
25,113,4242
25,114,2430
25,115,7320
25,116,2158
25,117,2023
25,118,4561
25,119,8401
26,10,695
26,11,3736
26,27,1363
26,28,7859
26,29,4606
26,30,2456
26,31,7674
26,32,2214
26,33,698
26,34,2439
26,35,9205
26,36,2276
26,37,5927
26,38,8480
26,39,2881
26,40,8620
26,41,8599
26,42,5549
26,43,6149
26,44,6172
26,45,4733
26,46,6120
26,47,1543
26,48,2855
26,49,5997
26,50,3793
26,51,4793
26,52,7767
26,53,5086
26,54,4583
26,55,4895
26,56,8270
26,57,8361
26,58,4300
26,59,4489
26,60,7378
26,61,2231
26,62,8595
26,63,4297
26,64,8636
26,65,2305
26,66,2408
26,67,4557
26,68,4759
26,69,6428
26,70,6894
26,71,7946
26,72,7290
26,73,3341
26,74,3513
26,75,4785
26,76,4069
26,77,2061
26,78,3312
26,79,4207
26,80,1277
26,81,7978
26,82,1270
26,83,2498
26,84,9978
26,85,3003
26,86,2930
26,87,3166
26,88,5148
26,89,5761
26,90,6911
26,91,7336
26,92,6712
26,93,6836
26,94,9490
26,95,2410
26,96,3884
26,97,6412
26,98,2867
26,99,453
26,100,4087
26,101,3590
26,102,8952
26,103,7298
26,104,7031
26,105,4450
26,106,2597
26,107,6346
26,108,8162
26,109,4938
26,110,2689
26,111,4956
26,112,7182
26,113,8694
26,114,1388
26,115,1183
26,116,5679
26,117,9759
26,118,4377
26,119,4231
27,10,3391
27,11,9150
27,28,5002
27,29,126
27,30,6890
27,31,9170
27,32,3770
27,33,8234
27,34,1997
27,35,5276
27,36,2575
27,37,8329
27,38,5331
27,39,7876
27,40,1512
27,41,526
27,42,259
27,43,4355
27,44,8877
27,45,8786
27,46,9459
27,47,727
27,48,4122
27,49,8536
27,50,4268
27,51,7029
27,52,9721
27,53,5279
27,54,2861
27,55,3402
27,56,7413
27,57,4375
27,58,1886
27,59,897
27,60,8508
27,61,1548
27,62,3862
27,63,323
27,64,9929
27,65,8714
27,66,409
27,67,177
27,68,4280
27,69,6338
27,70,4422
27,71,4958
27,72,3718
27,73,7601
27,74,1413
27,75,4825
27,76,3777
27,77,5868
27,78,188
27,79,9680
27,80,9072
27,81,9289
27,82,3010
27,83,7595
27,84,2334
27,85,8662
27,86,2534
27,87,4767
27,88,8779
27,89,6424
27,90,1963
27,91,8694
27,92,1823
27,93,6326
27,94,4729
27,95,9968
27,96,5505
27,97,7513
27,98,6914
27,99,4003
27,100,1319
27,101,4449
27,102,9105
27,103,9618
27,104,623
27,105,6043
27,106,9898
27,107,4733
27,108,7455
27,109,7359
27,110,9642
27,111,5787
27,112,9138
27,113,9361
27,114,7041
27,115,9953
27,116,3205
27,117,6839
27,118,5129
27,119,7226
28,10,1656
28,11,3344
28,29,4203
28,30,7998
28,31,963
28,32,2714
28,33,3204
28,34,6014
28,35,1525
28,36,8944
28,37,705
28,38,110
28,39,7036
28,40,4968
28,41,3244
28,42,8133
28,43,7386
28,44,3700
28,45,9152
28,46,2414
28,47,1764
28,48,6638
28,49,4550
28,50,7304
28,51,1482
28,52,896
28,53,5560
28,54,3186
28,55,1390
28,56,1952
28,57,5564
28,58,679
28,59,1005
28,60,9582
28,61,9829
28,62,4696
28,63,905
28,64,5859
28,65,249
28,66,1374
28,67,8428
28,68,9464
28,69,9412
28,70,3222
28,71,8236
28,72,3911
28,73,7697
28,74,9170
28,75,7011
28,76,9833
28,77,9215
28,78,7345
28,79,9976
28,80,1066
28,81,2257
28,82,1850
28,83,221
28,84,2503
28,85,3580
28,86,7410
28,87,4073
28,88,3464
28,89,5183
28,90,7287
28,91,9811
28,92,1651
28,93,7947
28,94,6299
28,95,6061
28,96,747
28,97,3542
28,98,4713
28,99,4434
28,100,228
28,101,634
28,102,3851
28,103,5303
28,104,4127
28,105,8390
28,106,6910
28,107,9758
28,108,3361
28,109,7013
28,110,6224
28,111,8303
28,112,9756
28,113,7775
28,114,4035
28,115,5826
28,116,5318
28,117,1430
28,118,8187
28,119,1443
29,10,3945
29,11,695
29,30,3071
29,31,8220
29,32,8878
29,33,9113
29,34,1798
29,35,6299
29,36,2383
29,37,7807
29,38,3581
29,39,9505
29,40,9883
29,41,6479
29,42,8056
29,43,3152
29,44,3753
29,45,4432
29,46,5861
29,47,7163
29,48,1373
29,49,1240
29,50,321
29,51,5409
29,52,4230
29,53,882
29,54,4046
29,55,4235
29,56,8079
29,57,639
29,58,3435
29,59,5048
29,60,4053
29,61,5424
29,62,9969
29,63,4624
29,64,5422
29,65,3579
29,66,4676
29,67,2338
29,68,3622
29,69,7110
29,70,3497
29,71,7663
29,72,5787
29,73,1382
29,74,2696
29,75,6222
29,76,7866
29,77,4003
29,78,7489
29,79,3435
29,80,4918
29,81,8103
29,82,9372
29,83,2569
29,84,9524
29,85,8020
29,86,1201
29,87,9338
29,88,2446
29,89,1663
29,90,9298
29,91,9283
29,92,9852
29,93,8996
29,94,894
29,95,4827
29,96,985
29,97,1053
29,98,3385
29,99,3708
29,100,4128
29,101,7173
29,102,1404
29,103,4016
29,104,3826
29,105,5043
29,106,1128
29,107,6870
29,108,7469
29,109,9740
29,110,7851
29,111,440
29,112,6935
29,113,394
29,114,9363
29,115,9626
29,116,4920
29,117,5853
29,118,7912
29,119,1956
30,1,5218
30,2,6006
30,3,9063
30,4,8719
30,5,7490
30,6,5571
30,7,2365
30,8,8422
30,9,3037
30,10,1405
30,11,8768
30,31,4834
30,32,2252
30,33,8577
30,34,2235
30,35,9732
30,36,246
30,37,1031
30,38,4119
30,39,455
30,40,5175
30,41,23
30,42,8965
30,43,3587
30,44,9729
30,45,7480
30,46,9637
30,47,1334
30,48,1781
30,49,6193
30,50,5798
30,51,6997
30,52,1991
30,53,2594
30,54,2061
30,55,9618
30,56,2216
30,57,7848
30,58,3927
30,59,989
30,60,528
30,61,4101
30,62,9056
30,63,4822
30,64,9849
30,65,7196
30,66,6877
30,67,7303
30,68,1315
30,69,1979
30,70,1803
30,71,9829
30,72,9798
30,73,7404
30,74,2463
30,75,20
30,76,9775
30,77,11
30,78,4507
30,79,6888
30,80,7671
30,81,5776
30,82,615
30,83,283
30,84,9557
30,85,2063
30,86,5541
30,87,6144
30,88,8465
30,89,3150
30,90,6956
30,91,5986
30,92,5460
30,93,6119
30,94,5544
30,95,8885
30,96,7114
30,97,6851
30,98,860
30,99,5203
30,100,4164
30,101,7300
30,102,9465
30,103,9485
30,104,7831
30,105,9781
30,106,4708
30,107,2979
30,108,8389
30,109,6269
30,110,4379
30,111,1755
30,112,5242
30,113,9778
30,114,3545
30,115,2274
30,116,693
30,117,1130
30,118,8045
30,119,7888
31,32,6136
31,33,6299
31,34,6859
31,35,1686
31,36,380
31,37,12
31,38,5675
31,39,4007
31,40,4069
31,41,5390
31,42,7410
31,43,3921
31,44,1762
31,45,8792
31,46,3368
31,47,5286
31,48,802
31,49,7196
31,50,7418
31,51,1584
31,52,3959
31,53,7363
31,54,5327
31,55,432
31,56,1409
31,57,5516
31,58,9149
31,59,5722
31,60,4678
31,61,313
31,62,1204
31,63,8511
31,64,9390
31,65,1675
31,66,6458
31,67,6845
31,68,5512
31,69,2379
31,70,6815
31,71,2093
31,72,1543
31,73,3269
31,74,8836
31,75,9716
31,76,6003
31,77,6702
31,78,4684
31,79,9984
31,80,5998
31,81,326
31,82,350
31,83,7792
31,84,6277
31,85,3750
31,86,1507
31,87,9904
31,88,8522
31,89,558
31,90,863
31,91,7356
31,92,9048
31,93,1186
31,94,4804
31,95,1046
31,96,5649
31,97,9942
31,98,909
31,99,7538
31,100,1007
31,101,3017
31,102,7912
31,103,3896
31,104,1560
31,105,5576
31,106,8487
31,107,4233
31,108,8423
31,109,5711
31,110,1536
31,111,18
31,112,1699
31,113,9246
31,114,4585
31,115,604
31,116,7780
31,117,2063
31,118,6977
31,119,4260
32,10,6215
32,11,3058
32,33,1807
32,34,6904
32,35,9483
32,36,9413
32,37,9258
32,38,1615
32,39,4360
32,40,4879
32,41,4148
32,42,6687
32,43,9639
32,44,8325
32,45,2982
32,46,8008
32,47,6154
32,48,6842
32,49,1396
32,50,6472
32,51,4654
32,52,9272
32,53,1161
32,54,1577
32,55,9450
32,56,7667
32,57,8101
32,58,32
32,59,4960
32,60,8930
32,61,7778
32,62,343
32,63,6155
32,64,7398
32,65,76
32,66,2469
32,67,3446
32,68,6068
32,69,2515
32,70,6442
32,71,7770
32,72,1239
32,73,7298
32,74,95
32,75,5686
32,76,6675
32,77,5396
32,78,2418
32,79,1125
32,80,3640
32,81,7627
32,82,7177
32,83,5146
32,84,5432
32,85,2401
32,86,4807
32,87,9067
32,88,8362
32,89,18
32,90,3084
32,91,5824
32,92,7389
32,93,3604
32,94,5588
32,95,6397
32,96,9744
32,97,4916
32,98,5542
32,99,2191
32,100,6496
32,101,6229
32,102,2739
32,103,5589
32,104,1850
32,105,617
32,106,4787
32,107,6209
32,108,7419
32,109,5688
32,110,5433
32,111,958
32,112,7852
32,113,8314
32,114,5059
32,115,42
32,116,8827
32,117,9366
32,118,1863
32,119,1304
33,10,6852
33,11,4387
33,34,2040
33,35,30
33,36,4939
33,37,7087
33,38,4565
33,39,3596
33,40,9624
33,41,2034
33,42,4853
33,43,4348
33,44,5474
33,45,385
33,46,3893
33,47,54
33,48,7168
33,49,551
33,50,3373
33,51,4932
33,52,9305
33,53,3019
33,54,7519
33,55,2989
33,56,9607
33,57,3473
33,58,4556
33,59,3617
33,60,3835
33,61,2515
33,62,5107
33,63,1477
33,64,9449
33,65,5529
33,66,2519
33,67,6177
33,68,5441
33,69,3661
33,70,4320
33,71,8791
33,72,5478
33,73,6725
33,74,1966
33,75,3325
33,76,903
33,77,8112
33,78,871
33,79,3723
33,80,9025
33,81,2399
33,82,4803
33,83,5991
33,84,2355
33,85,738
33,86,4963
33,87,1887
33,88,6358
33,89,9762
33,90,1803
33,91,716
33,92,4056
33,93,9979
33,94,4399
33,95,9400
33,96,9253
33,97,1849
33,98,7819
33,99,9804
33,100,5628
33,101,5081
33,102,1772
33,103,9789
33,104,4421
33,105,7109
33,106,5967
33,107,1962
33,108,8913
33,109,6886
33,110,9523
33,111,3780
33,112,8735
33,113,5459
33,114,1404
33,115,5395
33,116,4070
33,117,4748
33,118,2618
33,119,1750
34,10,5041
34,11,6286
34,35,5968
34,36,8599
34,37,483
34,38,5520
34,39,4638
34,40,1532
34,41,5098
34,42,250
34,43,228
34,44,9967
34,45,4711
34,46,404
34,47,1265
34,48,2837
34,49,587
34,50,4969
34,51,9438
34,52,2620
34,53,7813
34,54,9125
34,55,3872
34,56,4990
34,57,9985
34,58,7732
34,59,9745
34,60,9867
34,61,3794
34,62,6311
34,63,5889
34,64,9100
34,65,1187
34,66,4829
34,67,3170
34,68,7738
34,69,8646
34,70,618
34,71,4013
34,72,6827
34,73,9754
34,74,6915
34,75,8354
34,76,7668
34,77,8814
34,78,5014
34,79,2616
34,80,3180
34,81,6818
34,82,6807
34,83,5304
34,84,69
34,85,6352
34,86,102
34,87,3114
34,88,1760
34,89,7047
34,90,5112
34,91,2626
34,92,463
34,93,4725
34,94,8704
34,95,6116
34,96,2059
34,97,1562
34,98,6582
34,99,1456
34,100,7076
34,101,9664
34,102,1943
34,103,4311
34,104,3659
34,105,8021
34,106,9507
34,107,9084
34,108,8466
34,109,293
34,110,3717
34,111,2332
34,112,8755
34,113,4100
34,114,6505
34,115,264
34,116,8615
34,117,2469
34,118,2504
34,119,330
35,10,916
35,11,3336
35,36,1491
35,37,5254
35,38,4048
35,39,8594
35,40,7082
35,41,6576
35,42,9866
35,43,523
35,44,3617
35,45,5519
35,46,6530
35,47,3708
35,48,6016
35,49,2844
35,50,4513
35,51,4240
35,52,7138
35,53,9588
35,54,4272
35,55,1016
35,56,4338
35,57,1153
35,58,6440
35,59,7190
35,60,1241
35,61,17
35,62,7858
35,63,8467
35,64,1330
35,65,729
35,66,8781
35,67,228
35,68,2560
35,69,8767
35,70,8129
35,71,7691
35,72,9626
35,73,1733
35,74,2092
35,75,1508
35,76,1913
35,77,9146
35,78,98
35,79,1005
35,80,2205
35,81,7288
35,82,7861
35,83,1014
35,84,3545
35,85,5789
35,86,9724
35,87,9548
35,88,149
35,89,1127
35,90,6206
35,91,7600
35,92,5628
35,93,9849
35,94,660
35,95,9700
35,96,1217
35,97,9925
35,98,8287
35,99,9176
35,100,3638
35,101,2712
35,102,184
35,103,2513
35,104,9012
35,105,7786
35,106,7069
35,107,8733
35,108,8927
35,109,5199
35,110,6813
35,111,4164
35,112,8775
35,113,4462
35,114,9142
35,115,4235
35,116,3162
35,117,7131
35,118,1484
35,119,6690
36,10,2959
36,11,2467
36,37,8235
36,38,3203
36,39,9750
36,40,3757
36,41,917
36,42,9667
36,43,395
36,44,5509
36,45,7435
36,46,4655
36,47,8128
36,48,8680
36,49,4074
36,50,5459
36,51,1912
36,52,1460
36,53,6918
36,54,4986
36,55,2679
36,56,2723
36,57,9860
36,58,5128
36,59,6278
36,60,1876
36,61,9412
36,62,2078
36,63,4958
36,64,8295
36,65,3356
36,66,1738
36,67,9460
36,68,2173
36,69,7554
36,70,4525
36,71,5334
36,72,4798
36,73,6198
36,74,6739
36,75,4041
36,76,1929
36,77,2542
36,78,7691
36,79,3246
36,80,4510
36,81,7613
36,82,1893
36,83,9655
36,84,4801
36,85,2898
36,86,6693
36,87,8590
36,88,8458
36,89,1269
36,90,7488
36,91,2406
36,92,9312
36,93,3304
36,94,2010
36,95,4363
36,96,1772
36,97,1525
36,98,1402
36,99,4869
36,100,6960
36,101,4744
36,102,2506
36,103,711
36,104,4409
36,105,9510
36,106,3000
36,107,7265
36,108,9187
36,109,4470
36,110,6927
36,111,979
36,112,4265
36,113,823
36,114,595
36,115,8765
36,116,417
36,117,7362
36,118,6110
36,119,4749
37,10,950
37,11,7957
37,38,350
37,39,3418
37,40,2646
37,41,38
37,42,2066
37,43,3932
37,44,4189
37,45,9759
37,46,2577
37,47,3680
37,48,6307
37,49,6276
37,50,8847
37,51,6725
37,52,3398
37,53,8413
37,54,8116
37,55,5796
37,56,1472
37,57,4357
37,58,1697
37,59,3330
37,60,9807
37,61,9881
37,62,81
37,63,4864
37,64,5367
37,65,9164
37,66,223
37,67,4016
37,68,5288
37,69,6377
37,70,6440
37,71,53
37,72,3675
37,73,47
37,74,4805
37,75,1041
37,76,8888
37,77,2934
37,78,2594
37,79,3038
37,80,9502
37,81,4965
37,82,1492
37,83,6968
37,84,4903
37,85,7538
37,86,215
37,87,4117
37,88,7670
37,89,6551
37,90,6619
37,91,198
37,92,9827
37,93,2307
37,94,2143
37,95,2176
37,96,4195
37,97,169
37,98,1070
37,99,8295
37,100,6741
37,101,7965
37,102,5466
37,103,5306
37,104,1798
37,105,1230
37,106,9441
37,107,2895
37,108,6605
37,109,3473
37,110,1029
37,111,5694
37,112,3655
37,113,3657
37,114,7686
37,115,4988
37,116,4402
37,117,9402
37,118,9106
37,119,1019
38,10,3466
38,11,9845
38,39,7086
38,40,3554
38,41,6796
38,42,8002
38,43,6812
38,44,9884
38,45,2223
38,46,8561
38,47,2793
38,48,3013
38,49,3554
38,50,3444
38,51,2067
38,52,4286
38,53,8071
38,54,8748
38,55,3794
38,56,6328
38,57,2188
38,58,7838
38,59,4151
38,60,440
38,61,9356
38,62,6238
38,63,3701
38,64,4671
38,65,6571
38,66,2247
38,67,6439
38,68,7264
38,69,3372
38,70,8378
38,71,1701
38,72,7408
38,73,6530
38,74,4277
38,75,2805
38,76,4162
38,77,7003
38,78,9946
38,79,5591
38,80,5507
38,81,4824
38,82,1190
38,83,3208
38,84,3774
38,85,5357
38,86,6946
38,87,4784
38,88,2919
38,89,7757
38,90,2295
38,91,9169
38,92,3944
38,93,9250
38,94,253
38,95,3031
38,96,2091
38,97,6980
38,98,5303
38,99,4301
38,100,1798
38,101,4113
38,102,819
38,103,3233
38,104,4013
38,105,1940
38,106,1009
38,107,1045
38,108,7410
38,109,6404
38,110,7402
38,111,2175
38,112,4535
38,113,581
38,114,2901
38,115,5128
38,116,7397
38,117,1883
38,118,4870
38,119,5016
39,10,5896
39,11,1691
39,40,9966
39,41,4365
39,42,5801
39,43,4178
39,44,3862
39,45,2201
39,46,8061
39,47,1609
39,48,1691
39,49,9421
39,50,9722
39,51,4379
39,52,6784
39,53,4526
39,54,6035
39,55,5513
39,56,1178
39,57,1853
39,58,2829
39,59,3318
39,60,9448
39,61,3890
39,62,337
39,63,9295
39,64,9873
39,65,3270
39,66,5184
39,67,5421
39,68,9968
39,69,7677
39,70,4245
39,71,4507
39,72,542
39,73,1341
39,74,4018
39,75,4479
39,76,258
39,77,9513
39,78,4676
39,79,3745
39,80,4193
39,81,2935
39,82,8732
39,83,2007
39,84,3575
39,85,3673
39,86,534
39,87,8804
39,88,61
39,89,3204
39,90,5772
39,91,3730
39,92,6612
39,93,3584
39,94,1501
39,95,8137
39,96,2272
39,97,2726
39,98,1940
39,99,5855
39,100,726
39,101,2401
39,102,8136
39,103,6430
39,104,1813
39,105,7626
39,106,8131
39,107,3872
39,108,4532
39,109,4421
39,110,3477
39,111,7678
39,112,3807
39,113,4969
39,114,7507
39,115,2193
39,116,570
39,117,8541
39,118,718
39,119,1767
40,1,8023
40,2,4678
40,3,9320
40,4,2441
40,5,2609
40,6,1968
40,7,5613
40,8,8576
40,9,2328
40,10,4174
40,11,6140
40,41,1409
40,42,7314
40,43,2252
40,44,3115
40,45,9820
40,46,2771
40,47,6836
40,48,5066
40,49,7048
40,50,4396
40,51,4540
40,52,7180
40,53,3605
40,54,2707
40,55,2272
40,56,6767
40,57,744
40,58,1755
40,59,2215
40,60,6268
40,61,8661
40,62,9798
40,63,376
40,64,3801
40,65,637
40,66,4013
40,67,1187
40,68,6480
40,69,1725
40,70,5574
40,71,410
40,72,8778
40,73,7556
40,74,9515
40,75,7154
40,76,9859
40,77,6165
40,78,9694
40,79,540
40,80,7571
40,81,6021
40,82,715
40,83,8808
40,84,1333
40,85,6666
40,86,2409
40,87,7065
40,88,808
40,89,6622
40,90,3073
40,91,7058
40,92,3648
40,93,5441
40,94,547
40,95,7168
40,96,1293
40,97,8308
40,98,7805
40,99,3156
40,100,3564
40,101,9216
40,102,8825
40,103,3945
40,104,485
40,105,3914
40,106,281
40,107,6065
40,108,5589
40,109,8701
40,110,563
40,111,1960
40,112,2610
40,113,5054
40,114,4346
40,115,1412
40,116,2199
40,117,1877
40,118,1573
40,119,7450
41,42,4564
41,43,2573
41,44,9856
41,45,1039
41,46,3648
41,47,9195
41,48,1431
41,49,5558
41,50,2412
41,51,9759
41,52,7502
41,53,4087
41,54,6515
41,55,683
41,56,8680
41,57,8433
41,58,6771
41,59,9563
41,60,2939
41,61,9462
41,62,358
41,63,6144
41,64,4578
41,65,4898
41,66,622
41,67,1857
41,68,4437
41,69,8480
41,70,5114
41,71,5683
41,72,9058
41,73,6279
41,74,5616
41,75,1479
41,76,2465
41,77,243
41,78,4553
41,79,6457
41,80,2667
41,81,1062
41,82,9358
41,83,5350
41,84,3830
41,85,7898
41,86,5927
41,87,1889
41,88,9660
41,89,8197
41,90,6275
41,91,9101
41,92,3496
41,93,183
41,94,5830
41,95,3063
41,96,2816
41,97,9261
41,98,8348
41,99,1804
41,100,1339
41,101,7478
41,102,6875
41,103,2129
41,104,2370
41,105,27
41,106,4611
41,107,8002
41,108,9760
41,109,6006
41,110,9504
41,111,1189
41,112,4312
41,113,4548
41,114,4186
41,115,507
41,116,9705
41,117,4316
41,118,4315
41,119,3099
42,10,9200
42,11,3467
42,43,3439
42,44,2750
42,45,9361
42,46,3415
42,47,5154
42,48,775
42,49,5029
42,50,395
42,51,5389
42,52,2165
42,53,8194
42,54,1241
42,55,6969
42,56,5273
42,57,8837
42,58,6886
42,59,6625
42,60,4198
42,61,2223
42,62,1920
42,63,6408
42,64,2198
42,65,8
42,66,7979
42,67,6590
42,68,4550
42,69,8875
42,70,8398
42,71,5946
42,72,6833
42,73,6689
42,74,8839
42,75,5709
42,76,4156
42,77,7550
42,78,3100
42,79,7352
42,80,3469
42,81,9369
42,82,1488
42,83,6355
42,84,2018
42,85,8632
42,86,9811
42,87,3852
42,88,5633
42,89,8812
42,90,5251
42,91,741
42,92,5008
42,93,5930
42,94,5033
42,95,4960
42,96,442
42,97,2265
42,98,4262
42,99,5997
42,100,7338
42,101,9620
42,102,1775
42,103,382
42,104,6195
42,105,238
42,106,1470
42,107,9334
42,108,2293
42,109,6844
42,110,6112
42,111,3498
42,112,8703
42,113,97
42,114,3764
42,115,7494
42,116,5045
42,117,1220
42,118,5311
42,119,1418
43,10,134
43,11,1592
43,44,373
43,45,4824
43,46,3585
43,47,6448
43,48,7977
43,49,9079
43,50,8577
43,51,3741
43,52,4229
43,53,6369
43,54,944
43,55,87
43,56,6224
43,57,8329
43,58,3039
43,59,5755
43,60,7652
43,61,6318
43,62,9702
43,63,3028
43,64,38
43,65,5547
43,66,4417
43,67,5311
43,68,4918
43,69,7605
43,70,9052
43,71,5157
43,72,2942
43,73,8999
43,74,940
43,75,3961
43,76,4780
43,77,7732
43,78,778
43,79,4458
43,80,977
43,81,4003
43,82,963
43,83,4272
43,84,6978
43,85,2608
43,86,1766
43,87,9597
43,88,7801
43,89,1944
43,90,8907
43,91,6478
43,92,1581
43,93,6472
43,94,7033
43,95,8806
43,96,8981
43,97,5594
43,98,413
43,99,2620
43,100,8601
43,101,7683
43,102,8075
43,103,2177
43,104,4794
43,105,7143
43,106,1677
43,107,5565
43,108,5435
43,109,580
43,110,1908
43,111,9347
43,112,5749
43,113,2452
43,114,7283
43,115,3703
43,116,1825
43,117,3548
43,118,283
43,119,6241
44,10,7836
44,11,5186
44,45,5074
44,46,8356
44,47,1372
44,48,7141
44,49,9262
44,50,8345
44,51,3525
44,52,1040
44,53,6379
44,54,1962
44,55,6353
44,56,8343
44,57,1315
44,58,4973
44,59,1078
44,60,2185
44,61,2127
44,62,2929
44,63,5082
44,64,3722
44,65,5932
44,66,8578
44,67,87
44,68,2957
44,69,7716
44,70,818
44,71,7996
44,72,5375
44,73,1819
44,74,1157
44,75,4601
44,76,4346
44,77,1497
44,78,1960
44,79,8675
44,80,3577
44,81,5671
44,82,1475
44,83,7221
44,84,2284
44,85,2642
44,86,6916
44,87,1986
44,88,3375
44,89,7195
44,90,4793
44,91,9838
44,92,1066
44,93,3323
44,94,2104
44,95,7805
44,96,9632
44,97,7662
44,98,5524
44,99,3700
44,100,5836
44,101,8521
44,102,3606
44,103,2256
44,104,3883
44,105,1802
44,106,2608
44,107,9874
44,108,9014
44,109,7543
44,110,6863
44,111,7988
44,112,1071
44,113,1420
44,114,7223
44,115,1398
44,116,6263
44,117,9113
44,118,1205
44,119,5207
45,10,6975
45,11,2336
45,46,9797
45,47,7084
45,48,6497
45,49,8470
45,50,2025
45,51,6006
45,52,7871
45,53,6692
45,54,4375
45,55,7872
45,56,6654
45,57,5002
45,58,6694
45,59,6561
45,60,8460
45,61,2307
45,62,4333
45,63,5598
45,64,4909
45,65,4161
45,66,3246
45,67,8579
45,68,4212
45,69,5577
45,70,6305
45,71,2402
45,72,1054
45,73,1586
45,74,2619
45,75,6534
45,76,4023
45,77,1931
45,78,1223
45,79,2381
45,80,567
45,81,4613
45,82,1384
45,83,1378
45,84,5982
45,85,7381
45,86,2991
45,87,4006
45,88,8095
45,89,3198
45,90,3911
45,91,6374
45,92,6691
45,93,7872
45,94,4632
45,95,7934
45,96,9025
45,97,1920
45,98,8287
45,99,2100
45,100,9592
45,101,5169
45,102,589
45,103,3587
45,104,3902
45,105,7147
45,106,623
45,107,9776
45,108,9853
45,109,9494
45,110,306
45,111,7850
45,112,8118
45,113,9652
45,114,9592
45,115,2057
45,116,6335
45,117,7069
45,118,3578
45,119,7786
46,10,8944
46,11,6376
46,47,6772
46,48,662
46,49,8262
46,50,1783
46,51,4082
46,52,2542
46,53,8364
46,54,2950
46,55,268
46,56,1832
46,57,9616
46,58,741
46,59,208
46,60,1736
46,61,1866
46,62,5584
46,63,8970
46,64,2144
46,65,6850
46,66,5716
46,67,1131
46,68,4544
46,69,4420
46,70,399
46,71,2816
46,72,6431
46,73,430
46,74,9553
46,75,9528
46,76,629
46,77,4293
46,78,7049
46,79,8289
46,80,730
46,81,3760
46,82,6111
46,83,637
46,84,7052
46,85,5941
46,86,1576
46,87,4931
46,88,5784
46,89,5720
46,90,952
46,91,7806
46,92,8683
46,93,9844
46,94,4845
46,95,9388
46,96,7553
46,97,69
46,98,9021
46,99,2878
46,100,9271
46,101,6515
46,102,4475
46,103,7523
46,104,9030
46,105,7983
46,106,2191
46,107,4961
46,108,792
46,109,9066
46,110,6133
46,111,2372
46,112,1257
46,113,842
46,114,6478
46,115,9110
46,116,160
46,117,9170
46,118,8812
46,119,5628
47,10,3586
47,11,2610
47,48,2297
47,49,7073
47,50,611
47,51,7719
47,52,6333
47,53,6902
47,54,9383
47,55,3558
47,56,1240
47,57,274
47,58,6328
47,59,1562
47,60,8476
47,61,3322
47,62,5241
47,63,6827
47,64,9460
47,65,2829
47,66,9579
47,67,8568
47,68,7082
47,69,2754
47,70,6643
47,71,9947
47,72,849
47,73,8110
47,74,1424
47,75,3888
47,76,2627
47,77,6402
47,78,761
47,79,3888
47,80,9531
47,81,2319
47,82,6798
47,83,6693
47,84,938
47,85,9750
47,86,4545
47,87,4003
47,88,6332
47,89,9783
47,90,632
47,91,7783
47,92,6343
47,93,3414
47,94,5011
47,95,2864
47,96,2732
47,97,3766
47,98,3233
47,99,3760
47,100,3564
47,101,394
47,102,1883
47,103,9179
47,104,6266
47,105,5237
47,106,1341
47,107,9999
47,108,4640
47,109,9164
47,110,7062
47,111,3592
47,112,2154
47,113,7604
47,114,1666
47,115,2418
47,116,3779
47,117,5901
47,118,3890
47,119,1192
48,10,252
48,11,6260
48,49,2116
48,50,1001
48,51,4251
48,52,3970
48,53,9270
48,54,8130
48,55,1714
48,56,9040
48,57,6844
48,58,8937
48,59,9755
48,60,4799
48,61,3361
48,62,9011
48,63,8452
48,64,5395
48,65,6914
48,66,1953
48,67,1059
48,68,6517
48,69,4297
48,70,2518
48,71,3248
48,72,9315
48,73,2359
48,74,4265
48,75,3769
48,76,1149
48,77,2716
48,78,7809
48,79,4480
48,80,4349
48,81,4807
48,82,4343
48,83,8518
48,84,8313
48,85,2551
48,86,2833
48,87,1998
48,88,5244
48,89,1622
48,90,5853
48,91,4623
48,92,3638
48,93,9329
48,94,8616
48,95,6255
48,96,3870
48,97,8259
48,98,1227
48,99,2978
48,100,2782
48,101,9052
48,102,3506
48,103,6968
48,104,9745
48,105,5729
48,106,2122
48,107,1290
48,108,5675
48,109,1998
48,110,7593
48,111,1687
48,112,9430
48,113,688
48,114,2007
48,115,6834
48,116,9848
48,117,9570
48,118,4124
48,119,816
49,10,202
49,11,3880
49,50,1775
49,51,6714
49,52,1691
49,53,9777
49,54,2758
49,55,3013
49,56,4932
49,57,2040
49,58,229
49,59,6956
49,60,6113
49,61,2896
49,62,9338
49,63,2744
49,64,4787
49,65,1565
49,66,8297
49,67,5973
49,68,8107
49,69,3427
49,70,9634
49,71,2776
49,72,4713
49,73,7653
49,74,630
49,75,5743
49,76,2730
49,77,4732
49,78,3193
49,79,3477
49,80,5527
49,81,3282
49,82,2040
49,83,6299
49,84,555
49,85,8200
49,86,5929
49,87,8905
49,88,3040
49,89,4743
49,90,1801
49,91,178
49,92,190
49,93,3566
49,94,6453
49,95,3905
49,96,450
49,97,6815
49,98,6384
49,99,5154
49,100,1277
49,101,1278
49,102,415
49,103,8199
49,104,2317
49,105,1121
49,106,6609
49,107,4665
49,108,4746
49,109,9049
49,110,4725
49,111,9139
49,112,5370
49,113,4127
49,114,4593
49,115,7816
49,116,9828
49,117,4822
49,118,6651
49,119,2143
50,1,6543
50,2,1025
50,3,3444
50,4,6830
50,5,5764
50,6,4041
50,7,7351
50,8,44
50,9,6108
50,10,7516
50,11,6970
50,51,3339
50,52,7131
50,53,7377
50,54,4091
50,55,8455
50,56,6949
50,57,680
50,58,2125
50,59,6310
50,60,9019
50,61,6329
50,62,6928
50,63,2098
50,64,4959
50,65,6300
50,66,4380
50,67,450
50,68,2439
50,69,5901
50,70,1174
50,71,5632
50,72,1119
50,73,8229
50,74,4606
50,75,4897
50,76,3593
50,77,3538
50,78,4781
50,79,9492
50,80,6704
50,81,2776
50,82,3749
50,83,5845
50,84,7950
50,85,4788
50,86,7956
50,87,4735
50,88,3224
50,89,7226
50,90,6653
50,91,4545
50,92,6291
50,93,349
50,94,3629
50,95,9846
50,96,9746
50,97,160
50,98,5280
50,99,3860
50,100,7947
50,101,7884
50,102,7226
50,103,4209
50,104,8247
50,105,8012
50,106,2084
50,107,8069
50,108,2154
50,109,9720
50,110,5022
50,111,6812
50,112,2624
50,113,3445
50,114,9173
50,115,5951
50,116,6594
50,117,356
50,118,3808
50,119,7202
51,52,5630
51,53,4735
51,54,2093
51,55,4655
51,56,6303
51,57,5488
51,58,7275
51,59,8868
51,60,9950
51,61,4328
51,62,362
51,63,4406
51,64,5271
51,65,5159
51,66,535
51,67,8171
51,68,8892
51,69,1423
51,70,2020
51,71,5777
51,72,3635
51,73,2979
51,74,6883
51,75,7170
51,76,2872
51,77,3635
51,78,3558
51,79,290
51,80,9398
51,81,8566
51,82,1468
51,83,8260
51,84,6734
51,85,6249
51,86,8036
51,87,7377
51,88,3432
51,89,6628
51,90,346
51,91,8065
51,92,5454
51,93,6169
51,94,1638
51,95,561
51,96,24
51,97,750
51,98,1969
51,99,7810
51,100,8409
51,101,1222
51,102,1024
51,103,17
51,104,2566
51,105,2211
51,106,73
51,107,5724
51,108,4111
51,109,2378
51,110,3217
51,111,9322
51,112,4123
51,113,2861
51,114,1175
51,115,8646
51,116,3983
51,117,1086
51,118,468
51,119,2621
52,10,8565
52,11,5705
52,53,5143
52,54,1848
52,55,1808
52,56,7371
52,57,5639
52,58,8712
52,59,8211
52,60,8727
52,61,2525
52,62,8611
52,63,2251
52,64,1506
52,65,450
52,66,9914
52,67,1191
52,68,2556
52,69,2618
52,70,9607
52,71,8849
52,72,907
52,73,2105
52,74,2777
52,75,7578
52,76,6439
52,77,5253
52,78,9536
52,79,1875
52,80,5499
52,81,5015
52,82,3277
52,83,8069
52,84,2027
52,85,2024
52,86,3840
52,87,7472
52,88,8485
52,89,4098
52,90,4647
52,91,6193
52,92,7017
52,93,5040
52,94,929
52,95,8601
52,96,7503
52,97,9824
52,98,8306
52,99,8657
52,100,3565
52,101,1875
52,102,8979
52,103,3734
52,104,8362
52,105,8125
52,106,2652
52,107,1654
52,108,193
52,109,5979
52,110,3306
52,111,5394
52,112,2988
52,113,5152
52,114,3796
52,115,5783
52,116,7211
52,117,1543
52,118,8652
52,119,8268
53,10,1650
53,11,5501
53,54,4291
53,55,5198
53,56,4770
53,57,2020
53,58,3080
53,59,4790
53,60,4121
53,61,3131
53,62,1796
53,63,2202
53,64,2965
53,65,9929
53,66,848
53,67,4067
53,68,9350
53,69,611
53,70,8593
53,71,264
53,72,212
53,73,8109
53,74,3287
53,75,1779
53,76,1354
53,77,8623
53,78,3776
53,79,2397
53,80,1528
53,81,1149
53,82,4619
53,83,1390
53,84,9260
53,85,3570
53,86,9530
53,87,9295
53,88,7615
53,89,4970
53,90,5783
53,91,5061
53,92,9605
53,93,5603
53,94,4600
53,95,5890
53,96,3287
53,97,6473
53,98,7748
53,99,6232
53,100,7334
53,101,285
53,102,4638
53,103,1131
53,104,8231
53,105,7371
53,106,9089
53,107,1301
53,108,9268
53,109,3683
53,110,3018
53,111,1642
53,112,4086
53,113,4585
53,114,8891
53,115,5229
53,116,5838
53,117,4984
53,118,5452
53,119,6067
54,10,7825
54,11,6479
54,55,9612
54,56,7108
54,57,1510
54,58,449
54,59,2366
54,60,1972
54,61,9645
54,62,4576
54,63,1086
54,64,2749
54,65,3043
54,66,3424
54,67,9509
54,68,6392
54,69,4766
54,70,4358
54,71,8137
54,72,4946
54,73,536
54,74,5056
54,75,4359
54,76,8382
54,77,9790
54,78,7260
54,79,4121
54,80,6347
54,81,7648
54,82,9186
54,83,4660
54,84,8724
54,85,8384
54,86,9175
54,87,6829
54,88,6816
54,89,8512
54,90,9453
54,91,1588
54,92,5303
54,93,7960
54,94,6318
54,95,4013
54,96,7107
54,97,3115
54,98,6946
54,99,1126
54,100,6227
54,101,7099
54,102,3405
54,103,8674
54,104,6797
54,105,8668
54,106,5182
54,107,2414
54,108,5477
54,109,483
54,110,238
54,111,2025
54,112,6381
54,113,7453
54,114,2307
54,115,1711
54,116,3998
54,117,2173
54,118,2658
54,119,5654
55,10,5114
55,11,3557
55,56,8633
55,57,2829
55,58,9752
55,59,2136
55,60,6516
55,61,8343
55,62,3295
55,63,6153
55,64,2345
55,65,2676
55,66,5727
55,67,588
55,68,4356
55,69,3197
55,70,8967
55,71,317
55,72,2467
55,73,6765
55,74,2686
55,75,692
55,76,8069
55,77,8347
55,78,942
55,79,1994
55,80,6537
55,81,5058
55,82,759
55,83,5449
55,84,2588
55,85,1503
55,86,9545
55,87,5870
55,88,3250
55,89,3782
55,90,5522
55,91,3036
55,92,8645
55,93,1210
55,94,4846
55,95,786
55,96,559
55,97,3802
55,98,6188
55,99,6433
55,100,2501
55,101,6814
55,102,5916
55,103,6381
55,104,1440
55,105,9670
55,106,2727
55,107,5298
55,108,466
55,109,3831
55,110,195
55,111,5659
55,112,5988
55,113,3152
55,114,1268
55,115,4439
55,116,9397
55,117,5747
55,118,7311
55,119,6444
56,10,7402
56,11,3983
56,57,2263
56,58,4904
56,59,1352
56,60,8858
56,61,9356
56,62,8426
56,63,3435
56,64,8722
56,65,7027
56,66,1338
56,67,8272
56,68,1277
56,69,8808
56,70,9371
56,71,294
56,72,2826
56,73,8248
56,74,6667
56,75,3623
56,76,4841
56,77,8630
56,78,5183
56,79,7641
56,80,6851
56,81,4454
56,82,881
56,83,4147
56,84,9183
56,85,8153
56,86,3954
56,87,9941
56,88,6378
56,89,601
56,90,6438
56,91,2719
56,92,8698
56,93,4700
56,94,2472
56,95,8042
56,96,9933
56,97,9293
56,98,851
56,99,9272
56,100,2328
56,101,1795
56,102,9881
56,103,3096
56,104,965
56,105,3890
56,106,861
56,107,819
56,108,8019
56,109,1419
56,110,5507
56,111,4271
56,112,219
56,113,8699
56,114,5432
56,115,8437
56,116,3669
56,117,2525
56,118,1280
56,119,7354
57,10,1595
57,11,5560
57,58,8824
57,59,5795
57,60,5565
57,61,6886
57,62,4523
57,63,299
57,64,3091
57,65,5960
57,66,349
57,67,2352
57,68,4313
57,69,6724
57,70,4211
57,71,552
57,72,9734
57,73,8304
57,74,9825
57,75,8092
57,76,968
57,77,9015
57,78,8276
57,79,3568
57,80,3296
57,81,6116
57,82,411
57,83,8579
57,84,1602
57,85,3768
57,86,4150
57,87,4441
57,88,933
57,89,6165
57,90,8539
57,91,1277
57,92,4128
57,93,6633
57,94,821
57,95,920
57,96,7994
57,97,8824
57,98,6211
57,99,6634
57,100,3683
57,101,8293
57,102,9517
57,103,3926
57,104,4088
57,105,9746
57,106,3766
57,107,3401
57,108,2397
57,109,443
57,110,3088
57,111,844
57,112,2913
57,113,7211
57,114,7350
57,115,8314
57,116,7654
57,117,4149
57,118,2308
57,119,5582
58,10,7305
58,11,6041
58,59,4887
58,60,7307
58,61,8008
58,62,8609
58,63,3010
58,64,1157
58,65,7309
58,66,6190
58,67,2487
58,68,8105
58,69,5867
58,70,5626
58,71,9810
58,72,478
58,73,1795
58,74,1084
58,75,5625
58,76,1183
58,77,6580
58,78,241
58,79,3666
58,80,5298
58,81,766
58,82,1539
58,83,1969
58,84,5161
58,85,2646
58,86,5305
58,87,9164
58,88,2838
58,89,4682
58,90,2600
58,91,5333
58,92,1195
58,93,180
58,94,8741
58,95,5433
58,96,4566
58,97,1031
58,98,4581
58,99,1343
58,100,618
58,101,8835
58,102,5918
58,103,9323
58,104,1361
58,105,4306
58,106,8326
58,107,1462
58,108,1772
58,109,7144
58,110,1481
58,111,118
58,112,6899
58,113,8558
58,114,9123
58,115,1393
58,116,4200
58,117,5453
58,118,3956
58,119,754
59,10,8673
59,11,7682
59,60,7752
59,61,571
59,62,3905
59,63,6729
59,64,759
59,65,5346
59,66,83
59,67,4868
59,68,4925
59,69,8969
59,70,6939
59,71,1860
59,72,5092
59,73,9018
59,74,2854
59,75,9518
59,76,7389
59,77,5324
59,78,8968
59,79,5586
59,80,1371
59,81,724
59,82,7208
59,83,6348
59,84,5514
59,85,9950
59,86,839
59,87,2709
59,88,6033
59,89,6468
59,90,2979
59,91,7836
59,92,9811
59,93,4441
59,94,132
59,95,5753
59,96,7596
59,97,7355
59,98,7866
59,99,5054
59,100,4863
59,101,7112
59,102,2394
59,103,4624
59,104,6930
59,105,976
59,106,2233
59,107,4302
59,108,9189
59,109,2510
59,110,2050
59,111,9944
59,112,1104
59,113,4620
59,114,3187
59,115,3083
59,116,2950
59,117,9133
59,118,3417
59,119,3893
60,1,6636
60,2,6941
60,3,1820
60,4,990
60,5,1992
60,6,7929
60,7,8442
60,8,2928
60,9,2041
60,10,685
60,11,8887
60,61,8172
60,62,4756
60,63,7477
60,64,8771
60,65,1260
60,66,4692
60,67,7239
60,68,7397
60,69,6465
60,70,9839
60,71,849
60,72,3732
60,73,1954
60,74,5409
60,75,4746
60,76,8442
60,77,3209
60,78,7991
60,79,7454
60,80,4103
60,81,6731
60,82,9180
60,83,2061
60,84,8843
60,85,8887
60,86,6653
60,87,5617
60,88,4660
60,89,7604
60,90,164
60,91,5472
60,92,3241
60,93,4453
60,94,4459
60,95,1073
60,96,3606
60,97,7910
60,98,3203
60,99,827
60,100,6651
60,101,9489
60,102,8982
60,103,5407
60,104,9395
60,105,9260
60,106,5828
60,107,4635
60,108,4418
60,109,6832
60,110,945
60,111,2899
60,112,209
60,113,1608
60,114,7815
60,115,1379
60,116,2517
60,117,9019
60,118,2213
60,119,4478
61,62,999
61,63,4227
61,64,3226
61,65,9565
61,66,4176
61,67,1627
61,68,7510
61,69,2303
61,70,8320
61,71,2424
61,72,5190
61,73,5663
61,74,7583
61,75,9378
61,76,7973
61,77,3987
61,78,6754
61,79,4725
61,80,876
61,81,6069
61,82,5805
61,83,8180
61,84,1655
61,85,4303
61,86,5043
61,87,9739
61,88,8509
61,89,9187
61,90,8653
61,91,3494
61,92,7715
61,93,751
61,94,8936
61,95,7971
61,96,5121
61,97,9766
61,98,7076
61,99,3092
61,100,111
61,101,3687
61,102,5355
61,103,1641
61,104,4071
61,105,9748
61,106,4638
61,107,2419
61,108,7585
61,109,5703
61,110,3391
61,111,3797
61,112,6001
61,113,283
61,114,4128
61,115,7489
61,116,4401
61,117,493
61,118,3224
61,119,8297
62,10,6564
62,11,6996
62,63,5990
62,64,3073
62,65,5578
62,66,6673
62,67,1223
62,68,7934
62,69,4989
62,70,3728
62,71,4112
62,72,1799
62,73,2225
62,74,2299
62,75,1669
62,76,3734
62,77,3671
62,78,6265
62,79,6139
62,80,7577
62,81,4768
62,82,2270
62,83,9288
62,84,7840
62,85,6819
62,86,3893
62,87,8581
62,88,6898
62,89,5602
62,90,8549
62,91,2556
62,92,2669
62,93,9477
62,94,3814
62,95,7927
62,96,9266
62,97,9535
62,98,4327
62,99,7983
62,100,5429
62,101,8922
62,102,5848
62,103,9657
62,104,915
62,105,5713
62,106,7207
62,107,2784
62,108,1718
62,109,5914
62,110,7695
62,111,4644
62,112,6904
62,113,8404
62,114,8016
62,115,3693
62,116,4642
62,117,9888
62,118,4621
62,119,5217
63,10,1678
63,11,1788
63,64,723
63,65,6291
63,66,1915
63,67,9793
63,68,8920
63,69,7335
63,70,5710
63,71,4612
63,72,9841
63,73,1716
63,74,1785
63,75,2137
63,76,4297
63,77,4708
63,78,6231
63,79,4199
63,80,4310
63,81,8982
63,82,297
63,83,9213
63,84,8052
63,85,6298
63,86,9020
63,87,1003
63,88,4665
63,89,431
63,90,3709
63,91,2687
63,92,4734
63,93,6316
63,94,3506
63,95,9360
63,96,5065
63,97,7219
63,98,4120
63,99,6180
63,100,2481
63,101,3950
63,102,2541
63,103,7734
63,104,2602
63,105,6832
63,106,5793
63,107,6528
63,108,5898
63,109,4695
63,110,5649
63,111,9049
63,112,7080
63,113,8045
63,114,2537
63,115,4638
63,116,9165
63,117,7371
63,118,6544
63,119,2204
64,10,2876
64,11,248
64,65,7059
64,66,4690
64,67,2760
64,68,8014
64,69,3616
64,70,2325
64,71,586
64,72,1377
64,73,3536
64,74,8010
64,75,9859
64,76,9443
64,77,3147
64,78,5767
64,79,1372
64,80,3862
64,81,1988
64,82,2408
64,83,6468
64,84,5389
64,85,6887
64,86,9734
64,87,6254
64,88,728
64,89,6487
64,90,2989
64,91,903
64,92,8292
64,93,256
64,94,8709
64,95,8031
64,96,8570
64,97,2390
64,98,4292
64,99,4395
64,100,4172
64,101,5493
64,102,7350
64,103,2036
64,104,637
64,105,2244
64,106,158
64,107,3197
64,108,7866
64,109,2381
64,110,1837
64,111,1335
64,112,8813
64,113,105
64,114,6673
64,115,5973
64,116,9583
64,117,6201
64,118,4684
64,119,4289
65,10,657
65,11,1107
65,66,5299
65,67,4801
65,68,9402
65,69,2110
65,70,29
65,71,2637
65,72,1733
65,73,8617
65,74,7581
65,75,6526
65,76,3985
65,77,8633
65,78,9326
65,79,8463
65,80,2150
65,81,4316
65,82,8777
65,83,9531
65,84,8037
65,85,9196
65,86,975
65,87,1290
65,88,4634
65,89,4704
65,90,7739
65,91,2217
65,92,7156
65,93,3465
65,94,2756
65,95,4548
65,96,1088
65,97,6284
65,98,4708
65,99,8829
65,100,5755
65,101,9128
65,102,7135
65,103,1887
65,104,2112
65,105,5849
65,106,4690
65,107,4864
65,108,4492
65,109,2851
65,110,9105
65,111,2995
65,112,1987
65,113,1683
65,114,4291
65,115,5664
65,116,1395
65,117,302
65,118,5229
65,119,7282
66,10,9571
66,11,8695
66,67,4932
66,68,518
66,69,6854
66,70,3600
66,71,7964
66,72,5332
66,73,5027
66,74,2014
66,75,9530
66,76,3003
66,77,9434
66,78,5257
66,79,332
66,80,2900
66,81,424
66,82,3946
66,83,8699
66,84,9868
66,85,2390
66,86,9168
66,87,9098
66,88,5982
66,89,1404
66,90,1182
66,91,3703
66,92,6211
66,93,9909
66,94,5445
66,95,4733
66,96,1793
66,97,4620
66,98,8635
66,99,2000
66,100,877
66,101,8442
66,102,3213
66,103,1651
66,104,5602
66,105,9382
66,106,6702
66,107,3319
66,108,4319
66,109,2227
66,110,8943
66,111,5587
66,112,2324
66,113,8615
66,114,5510
66,115,6115
66,116,5761
66,117,5259
66,118,4483
66,119,5510
67,10,1459
67,11,5490
67,68,9549
67,69,4471
67,70,6894
67,71,9062
67,72,9155
67,73,4327
67,74,4532
67,75,7003
67,76,8959
67,77,2514
67,78,7190
67,79,2293
67,80,9485
67,81,8555
67,82,67
67,83,2280
67,84,3675
67,85,5099
67,86,755
67,87,7153
67,88,6288
67,89,3315
67,90,6765
67,91,4720
67,92,4317
67,93,4828
67,94,8054
67,95,8370
67,96,9583
67,97,1328
67,98,1522
67,99,1325
67,100,5850
67,101,5954
67,102,1861
67,103,8762
67,104,586
67,105,8044
67,106,9912
67,107,2712
67,108,5205
67,109,5436
67,110,7747
67,111,2994
67,112,3682
67,113,3383
67,114,9676
67,115,2842
67,116,3426
67,117,2216
67,118,1430
67,119,2605
68,10,9453
68,11,9084
68,69,2753
68,70,3358
68,71,6429
68,72,4435
68,73,3043
68,74,7119
68,75,9069
68,76,5409
68,77,4280
68,78,5212
68,79,7770
68,80,9599
68,81,9244
68,82,349
68,83,3805
68,84,7106
68,85,386
68,86,826
68,87,5690
68,88,3315
68,89,9702
68,90,647
68,91,2827
68,92,6258
68,93,2826
68,94,3558
68,95,7451
68,96,1834
68,97,7545
68,98,9149
68,99,9111
68,100,9270
68,101,3554
68,102,2156
68,103,9959
68,104,1223
68,105,7692
68,106,2248
68,107,5959
68,108,3600
68,109,7119
68,110,9482
68,111,5640
68,112,5904
68,113,1970
68,114,8794
68,115,5476
68,116,2317
68,117,1562
68,118,640
68,119,9048
69,10,9016
69,11,7550
69,70,738
69,71,5260
69,72,4638
69,73,4885
69,74,7642
69,75,9890
69,76,1107
69,77,5297
69,78,9471
69,79,1093
69,80,2848
69,81,3136
69,82,2333
69,83,7747
69,84,4771
69,85,1250
69,86,1792
69,87,2190
69,88,7624
69,89,9056
69,90,9158
69,91,3840
69,92,45
69,93,5803
69,94,5469
69,95,1000
69,96,6548
69,97,4305
69,98,5607
69,99,3361
69,100,7740
69,101,9194
69,102,8052
69,103,2926
69,104,2071
69,105,8192
69,106,2730
69,107,6529
69,108,9698
69,109,1422
69,110,310
69,111,7450
69,112,8779
69,113,2182
69,114,6523
69,115,5026
69,116,3354
69,117,5351
69,118,5495
69,119,9774
70,1,3534
70,2,2586
70,3,6749
70,4,3541
70,5,1833
70,6,5433
70,7,6036
70,8,9305
70,9,396
70,10,7284
70,11,783
70,71,3035
70,72,6806
70,73,9780
70,74,405
70,75,1342
70,76,9206
70,77,7559
70,78,7797
70,79,1524
70,80,7939
70,81,6813
70,82,8568
70,83,4618
70,84,9576
70,85,2102
70,86,7005
70,87,428
70,88,1012
70,89,592
70,90,4037
70,91,341
70,92,816
70,93,395
70,94,215
70,95,5541
70,96,7977
70,97,5367
70,98,4208
70,99,8651
70,100,3953
70,101,3819
70,102,3592
70,103,1590
70,104,7542
70,105,1214
70,106,2625
70,107,5269
70,108,4090
70,109,4916
70,110,7272
70,111,3993
70,112,5448
70,113,5336
70,114,6482
70,115,7561
70,116,83
70,117,9245
70,118,9394
70,119,2552
71,72,7359
71,73,674
71,74,4905
71,75,3085
71,76,4625
71,77,9635
71,78,6309
71,79,5421
71,80,1184
71,81,1180
71,82,3825
71,83,4885
71,84,4423
71,85,6891
71,86,7993
71,87,7810
71,88,5311
71,89,6350
71,90,5335
71,91,211
71,92,7202
71,93,708
71,94,1154
71,95,3838
71,96,1589
71,97,6681
71,98,1750
71,99,5925
71,100,5264
71,101,1923
71,102,9912
71,103,4571
71,104,6465
71,105,9313
71,106,9586
71,107,6050
71,108,3050
71,109,1797
71,110,5468
71,111,5914
71,112,3794
71,113,9420
71,114,7065
71,115,8595
71,116,3735
71,117,6002
71,118,2404
71,119,7802
72,10,7970
72,11,1787
72,73,2325
72,74,3990
72,75,6690
72,76,7699
72,77,2461
72,78,4023
72,79,9566
72,80,5531
72,81,5668
72,82,662
72,83,207
72,84,4129
72,85,173
72,86,2043
72,87,7927
72,88,7029
72,89,8729
72,90,9354
72,91,7382
72,92,8161
72,93,4631
72,94,1948
72,95,8100
72,96,6396
72,97,4443
72,98,972
72,99,2411
72,100,3526
72,101,7681
72,102,5368
72,103,5178
72,104,1542
72,105,5105
72,106,4759
72,107,7582
72,108,6954
72,109,6439
72,110,2206
72,111,7279
72,112,6556
72,113,9439
72,114,1797
72,115,3049
72,116,4182
72,117,2608
72,118,4510
72,119,8817
73,10,2291
73,11,6390
73,74,6106
73,75,7768
73,76,2052
73,77,2648
73,78,5905
73,79,1005
73,80,3722
73,81,1903
73,82,5762
73,83,3995
73,84,5813
73,85,7971
73,86,713
73,87,5165
73,88,526
73,89,7865
73,90,6881
73,91,8175
73,92,7131
73,93,239
73,94,9502
73,95,7661
73,96,666
73,97,6368
73,98,8303
73,99,2405
73,100,2205
73,101,7124
73,102,9056
73,103,7513
73,104,8486
73,105,7232
73,106,7524
73,107,612
73,108,9558
73,109,1945
73,110,7610
73,111,9553
73,112,8397
73,113,896
73,114,4835
73,115,5915
73,116,3602
73,117,4263
73,118,9630
73,119,5090
74,10,6158
74,11,6359
74,75,6404
74,76,4680
74,77,9183
74,78,1618
74,79,6088
74,80,4546
74,81,3503
74,82,2336
74,83,8949
74,84,8197
74,85,7139
74,86,814
74,87,6582
74,88,3999
74,89,7128
74,90,8810
74,91,1345
74,92,4120
74,93,8276
74,94,5307
74,95,3029
74,96,8321
74,97,7526
74,98,5844
74,99,551
74,100,8887
74,101,8218
74,102,3193
74,103,9325
74,104,956
74,105,3076
74,106,5552
74,107,908
74,108,9113
74,109,5844
74,110,5380
74,111,7503
74,112,3445
74,113,3880
74,114,8920
74,115,3186
74,116,7741
74,117,22
74,118,8918
74,119,5734
75,10,7647
75,11,6976
75,76,5427
75,77,9099
75,78,5931
75,79,9377
75,80,8045
75,81,4112
75,82,4480
75,83,334
75,84,5450
75,85,4652
75,86,4151
75,87,8231
75,88,1061
75,89,6979
75,90,4473
75,91,5360
75,92,9584
75,93,9895
75,94,5481
75,95,9691
75,96,3260
75,97,716
75,98,9998
75,99,3431
75,100,8190
75,101,7375
75,102,1978
75,103,6382
75,104,8489
75,105,5406
75,106,8013
75,107,8624
75,108,1474
75,109,2111
75,110,4817
75,111,5715
75,112,8464
75,113,1880
75,114,9177
75,115,6052
75,116,4759
75,117,785
75,118,8323
75,119,4541
76,10,6298
76,11,5953
76,77,5185
76,78,7403
76,79,2430
76,80,8810
76,81,9938
76,82,3479
76,83,7932
76,84,8605
76,85,555
76,86,7774
76,87,8008
76,88,3164
76,89,992
76,90,8208
76,91,8442
76,92,396
76,93,4642
76,94,1813
76,95,6056
76,96,4488
76,97,8466
76,98,5315
76,99,4120
76,100,6184
76,101,6385
76,102,5693
76,103,679
76,104,8269
76,105,1185
76,106,4497
76,107,1789
76,108,1720
76,109,2001
76,110,2890
76,111,4575
76,112,3961
76,113,6512
76,114,2795
76,115,232
76,116,6308
76,117,5900
76,118,4482
76,119,8921
77,10,9330
77,11,4778
77,78,8169
77,79,1379
77,80,9667
77,81,6050
77,82,6275
77,83,6423
77,84,801
77,85,9547
77,86,7765
77,87,2044
77,88,8321
77,89,4498
77,90,929
77,91,6818
77,92,3180
77,93,8238
77,94,4874
77,95,3734
77,96,7584
77,97,1621
77,98,8241
77,99,5329
77,100,9483
77,101,5073
77,102,8437
77,103,1969
77,104,1304
77,105,3470
77,106,305
77,107,6140
77,108,2988
77,109,1215
77,110,6895
77,111,5188
77,112,4067
77,113,4821
77,114,8532
77,115,3805
77,116,8389
77,117,982
77,118,8319
77,119,8100
78,10,4306
78,11,7975
78,79,4182
78,80,6406
78,81,1366
78,82,1548
78,83,5592
78,84,9565
78,85,1329
78,86,290
78,87,5815
78,88,1943
78,89,1817
78,90,6890
78,91,6671
78,92,7719
78,93,9598
78,94,7507
78,95,3254
78,96,457
78,97,6529
78,98,3897
78,99,9482
78,100,4519
78,101,4228
78,102,3445
78,103,240
78,104,3823
78,105,3294
78,106,7951
78,107,8267
78,108,6542
78,109,1913
78,110,2654
78,111,8613
78,112,3856
78,113,7698
78,114,5721
78,115,1879
78,116,412
78,117,3418
78,118,1057
78,119,3912
79,10,9460
79,11,3919
79,80,3580
79,81,4700
79,82,5088
79,83,8890
79,84,3268
79,85,2298
79,86,7883
79,87,1074
79,88,3725
79,89,7516
79,90,446
79,91,2289
79,92,6094
79,93,6452
79,94,547
79,95,630
79,96,47
79,97,9960
79,98,5680
79,99,9858
79,100,3584
79,101,926
79,102,6098
79,103,9967
79,104,7275
79,105,9653
79,106,4774
79,107,2051
79,108,4494
79,109,433
79,110,2482
79,111,4786
79,112,6748
79,113,9015
79,114,1676
79,115,940
79,116,4478
79,117,9684
79,118,6475
79,119,3275
80,1,5666
80,2,7797
80,3,9257
80,4,8314
80,5,1230
80,6,6234
80,7,83
80,8,2201
80,9,1441
80,10,7715
80,11,3238
80,81,9934
80,82,3156
80,83,7810
80,84,3808
80,85,571
80,86,800
80,87,9629
80,88,7781
80,89,1644
80,90,4775
80,91,9141
80,92,635
80,93,8618
80,94,6671
80,95,8129
80,96,7815
80,97,4179
80,98,9770
80,99,7433
80,100,2483
80,101,811
80,102,9823
80,103,9612
80,104,3188
80,105,9042
80,106,8646
80,107,1641
80,108,3842
80,109,6669
80,110,5527
80,111,8895
80,112,9642
80,113,9390
80,114,115
80,115,1770
80,116,7246
80,117,5187
80,118,120
80,119,6113
81,82,5802
81,83,2984
81,84,8527
81,85,3779
81,86,4473
81,87,9551
81,88,9406
81,89,7003
81,90,7582
81,91,8464
81,92,1767
81,93,9655
81,94,1618
81,95,7799
81,96,7930
81,97,100
81,98,4134
81,99,2431
81,100,5830
81,101,3082
81,102,1634
81,103,9785
81,104,6759
81,105,6436
81,106,9599
81,107,2527
81,108,1083
81,109,2087
81,110,8795
81,111,1
81,112,6483
81,113,143
81,114,4842
81,115,2208
81,116,8275
81,117,7445
81,118,5277
81,119,4536
82,10,5503
82,11,8499
82,83,8730
82,84,6113
82,85,6510
82,86,9087
82,87,9288
82,88,6628
82,89,5446
82,90,8611
82,91,6220
82,92,8799
82,93,3833
82,94,2065
82,95,6211
82,96,1399
82,97,3003
82,98,532
82,99,9663
82,100,9734
82,101,7055
82,102,8363
82,103,3632
82,104,6550
82,105,3739
82,106,3157
82,107,9505
82,108,4452
82,109,1108
82,110,1251
82,111,9385
82,112,8653
82,113,6569
82,114,52
82,115,4035
82,116,5015
82,117,760
82,118,306
82,119,8874
83,10,1781
83,11,7720
83,84,7134
83,85,4120
83,86,280
83,87,1299
83,88,6823
83,89,8674
83,90,2361
83,91,311
83,92,1900
83,93,7517
83,94,1639
83,95,4350
83,96,8179
83,97,5461
83,98,7367
83,99,3417
83,100,6537
83,101,6190
83,102,4095
83,103,5772
83,104,8920
83,105,4190
83,106,2929
83,107,5436
83,108,3317
83,109,9282
83,110,7835
83,111,7613
83,112,9094
83,113,6308
83,114,2278
83,115,6732
83,116,210
83,117,1115
83,118,9509
83,119,8142
84,10,7844
84,11,3866
84,85,2262
84,86,8685
84,87,4265
84,88,2059
84,89,9102
84,90,634
84,91,7972
84,92,3796
84,93,1833
84,94,2800
84,95,3215
84,96,3994
84,97,7358
84,98,9775
84,99,3300
84,100,4341
84,101,9583
84,102,5723
84,103,3776
84,104,9880
84,105,7228
84,106,9692
84,107,7747
84,108,6470
84,109,3969
84,110,2657
84,111,2660
84,112,8763
84,113,2676
84,114,4625
84,115,2858
84,116,9658
84,117,5368
84,118,7318
84,119,974
85,10,262
85,11,5563
85,86,1739
85,87,5010
85,88,6074
85,89,4724
85,90,583
85,91,3003
85,92,8085
85,93,4232
85,94,1008
85,95,7738
85,96,9834
85,97,7837
85,98,7225
85,99,6361
85,100,9626
85,101,9872
85,102,4910
85,103,7866
85,104,7568
85,105,6069
85,106,6309
85,107,61
85,108,3327
85,109,6197
85,110,9550
85,111,8996
85,112,558
85,113,8365
85,114,6500
85,115,7388
85,116,6221
85,117,6793
85,118,4720
85,119,1303
86,10,8275
86,11,3056
86,87,6940
86,88,2885
86,89,4316
86,90,7647
86,91,8683
86,92,4986
86,93,4932
86,94,2950
86,95,2274
86,96,3443
86,97,467
86,98,9100
86,99,7018
86,100,7869
86,101,2350
86,102,6370
86,103,3071
86,104,6345
86,105,9230
86,106,2201
86,107,6790
86,108,3691
86,109,9744
86,110,3826
86,111,4657
86,112,8502
86,113,7656
86,114,8224
86,115,6001
86,116,711
86,117,3045
86,118,7410
86,119,9359
87,10,4196
87,11,8065
87,88,1286
87,89,1246
87,90,1628
87,91,837
87,92,9276
87,93,6866
87,94,575
87,95,4017
87,96,502
87,97,9041
87,98,2845
87,99,2523
87,100,9161
87,101,1687
87,102,7098
87,103,7057
87,104,3975
87,105,9955
87,106,985
87,107,1132
87,108,4128
87,109,1887
87,110,2400
87,111,3333
87,112,5025
87,113,5023
87,114,9293
87,115,5900
87,116,1280
87,117,332
87,118,9843
87,119,958
88,10,5083
88,11,1943
88,89,659
88,90,4951
88,91,7154
88,92,8066
88,93,2708
88,94,471
88,95,4405
88,96,7383
88,97,2922
88,98,6501
88,99,9884
88,100,5908
88,101,2907
88,102,1292
88,103,2659
88,104,5263
88,105,6550
88,106,8535
88,107,6427
88,108,4006
88,109,1369
88,110,3273
88,111,8430
88,112,7120
88,113,5662
88,114,4418
88,115,530
88,116,2465
88,117,2118
88,118,2778
88,119,7786
89,10,3249
89,11,117
89,90,4561
89,91,9707
89,92,5274
89,93,6324
89,94,5620
89,95,9471
89,96,4979
89,97,4423
89,98,1314
89,99,4852
89,100,4976
89,101,5356
89,102,7572
89,103,3034
89,104,7672
89,105,7918
89,106,7606
89,107,147
89,108,8354
89,109,3063
89,110,2317
89,111,9937
89,112,6437
89,113,3289
89,114,4477
89,115,9208
89,116,7929
89,117,2726
89,118,4531
89,119,1738
90,1,1829
90,2,7464
90,3,2230
90,4,888
90,5,7549
90,6,3892
90,7,8029
90,8,6179
90,9,1805
90,10,2612
90,11,8587
90,91,3496
90,92,3085
90,93,6694
90,94,8231
90,95,2812
90,96,467
90,97,2957
90,98,3882
90,99,5263
90,100,7897
90,101,5594
90,102,1060
90,103,2924
90,104,6373
90,105,6641
90,106,1746
90,107,3182
90,108,2352
90,109,6298
90,110,7438
90,111,9984
90,112,4478
90,113,9622
90,114,2638
90,115,5231
90,116,7076
90,117,9750
90,118,112
90,119,7494
91,92,325
91,93,9494
91,94,6819
91,95,8684
91,96,1820
91,97,5238
91,98,7256
91,99,397
91,100,720
91,101,2451
91,102,1428
91,103,8865
91,104,540
91,105,8844
91,106,7277
91,107,1315
91,108,3593
91,109,8084
91,110,503
91,111,3088
91,112,7431
91,113,2326
91,114,4883
91,115,8185
91,116,7775
91,117,2111
91,118,3492
91,119,2326
92,10,6680
92,11,8610
92,93,8435
92,94,4517
92,95,1035
92,96,6226
92,97,8468
92,98,1850
92,99,3871
92,100,7786
92,101,1085
92,102,4573
92,103,267
92,104,1578
92,105,2499
92,106,3794
92,107,2146
92,108,2523
92,109,4030
92,110,3555
92,111,6600
92,112,3429
92,113,7713
92,114,8046
92,115,8081
92,116,3970
92,117,566
92,118,5791
92,119,7389
93,10,9415
93,11,7359
93,94,1560
93,95,1919
93,96,2124
93,97,5055
93,98,6774
93,99,2019
93,100,2032
93,101,1937
93,102,5450
93,103,7710
93,104,5406
93,105,6231
93,106,2602
93,107,4712
93,108,3930
93,109,6637
93,110,392
93,111,7470
93,112,2460
93,113,9924
93,114,6069
93,115,2703
93,116,6758
93,117,745
93,118,3264
93,119,4628
94,10,3346
94,11,5171
94,95,2243
94,96,2892
94,97,9975
94,98,6743
94,99,7548
94,100,1051
94,101,6645
94,102,1280
94,103,5865
94,104,6166
94,105,1856
94,106,5690
94,107,5775
94,108,4261
94,109,7898
94,110,5275
94,111,307
94,112,5946
94,113,9077
94,114,7743
94,115,1856
94,116,5465
94,117,116
94,118,9386
94,119,5485
95,10,3213
95,11,2834
95,96,682
95,97,6472
95,98,6995
95,99,1266
95,100,3982
95,101,416
95,102,4828
95,103,8988
95,104,6700
95,105,8760
95,106,4677
95,107,1157
95,108,8526
95,109,539
95,110,5161
95,111,9363
95,112,4565
95,113,8850
95,114,4289
95,115,2788
95,116,9814
95,117,1267
95,118,9892
95,119,4613
96,10,7826
96,11,9283
96,97,6145
96,98,2913
96,99,7110
96,100,6538
96,101,9310
96,102,6689
96,103,2925
96,104,5254
96,105,1169
96,106,3710
96,107,8309
96,108,8527
96,109,7050
96,110,3087
96,111,881
96,112,2643
96,113,2954
96,114,3787
96,115,603
96,116,1776
96,117,1859
96,118,6088
96,119,9596
97,10,1265
97,11,1377
97,98,947
97,99,2808
97,100,3774
97,101,7397
97,102,8743
97,103,8449
97,104,4613
97,105,8256
97,106,1003
97,107,3439
97,108,6711
97,109,8832
97,110,7950
97,111,1804
97,112,5678
97,113,2081
97,114,984
97,115,1171
97,116,8729
97,117,7833
97,118,275
97,119,2781
98,10,6170
98,11,6467
98,99,7150
98,100,8214
98,101,1511
98,102,6912
98,103,2834
98,104,7597
98,105,563
98,106,345
98,107,9119
98,108,2512
98,109,3224
98,110,742
98,111,8903
98,112,9914
98,113,9324
98,114,5403
98,115,6889
98,116,5536
98,117,6996
98,118,3040
98,119,6925
99,10,9486
99,11,1376
99,100,4785
99,101,4382
99,102,2115
99,103,9099
99,104,9324
99,105,9837
99,106,2358
99,107,4966
99,108,4897
99,109,2955
99,110,3499
99,111,4152
99,112,6123
99,113,7963
99,114,5805
99,115,6205
99,116,2294
99,117,4634
99,118,9937
99,119,6068
100,1,5772
100,101,8310
100,102,2901
100,103,9131
100,104,9298
100,105,4345
100,106,4418
100,107,8933
100,108,6252
100,109,9440
100,110,8922
100,111,6685
100,112,8095
100,113,8248
100,114,8876
100,115,3724
100,116,8613
100,117,3680
100,118,1209
100,119,4382
101,102,5081
101,103,3882
101,104,1612
101,105,6879
101,106,8604
101,107,5060
101,108,2228
101,109,6705
101,110,5085
101,111,9917
101,112,252
101,113,5011
101,114,1383
101,115,1181
101,116,3455
101,117,1283
101,118,8678
101,119,8904
102,103,7467
102,104,5242
102,105,3583
102,106,4697
102,107,4542
102,108,9225
102,109,631
102,110,6707
102,111,7970
102,112,5588
102,113,3325
102,114,6605
102,115,4078
102,116,7859
102,117,7783
102,118,9872
102,119,4114
103,104,2830
103,105,1605
103,106,2741
103,107,8685
103,108,1960
103,109,5864
103,110,9528
103,111,7185
103,112,2361
103,113,3521
103,114,3689
103,115,967
103,116,208
103,117,6706
103,118,2794
103,119,8773
104,105,3953
104,106,584
104,107,1576
104,108,7058
104,109,9475
104,110,6213
104,111,4362
104,112,7393
104,113,6203
104,114,5377
104,115,9323
104,116,6459
104,117,7270
104,118,415
104,119,1498
105,106,2905
105,107,7298
105,108,3933
105,109,3251
105,110,288
105,111,6995
105,112,5554
105,113,3036
105,114,6764
105,115,407
105,116,5417
105,117,2817
105,118,3372
105,119,3449
106,107,3254
106,108,6053
106,109,8790
106,110,2724
106,111,1525
106,112,647
106,113,8327
106,114,9668
106,115,5403
106,116,9039
106,117,2946
106,118,1362
106,119,5900
107,108,2933
107,109,7460
107,110,1766
107,111,4545
107,112,9992
107,113,8743
107,114,8465
107,115,1469
107,116,9664
107,117,8391
107,118,4748
107,119,4556
108,109,2339
108,110,1058
108,111,538
108,112,1826
108,113,283
108,114,4811
108,115,3530
108,116,2041
108,117,8149
108,118,5162
108,119,7488
109,110,195
109,111,8062
109,112,2594
109,113,6894
109,114,1639
109,115,7462
109,116,4445
109,117,4566
109,118,9499
109,119,7105
110,10,9221
110,11,9493
110,111,8903
110,112,5473
110,113,9712
110,114,1593
110,115,6438
110,116,6280
110,117,6597
110,118,267
110,119,7596
111,112,7202
111,113,9278
111,114,7905
111,115,4176
111,116,1034
111,117,9462
111,118,946
111,119,3488
112,113,1640
112,114,377
112,115,6332
112,116,690
112,117,8988
112,118,6445
112,119,5012
113,114,8261
113,115,1914
113,116,1469
113,117,2707
113,118,8002
113,119,6090
114,115,8647
114,116,1160
114,117,4483
114,118,5276
114,119,8199
115,116,4400
115,117,1458
115,118,869
115,119,3578
116,117,5293
116,118,5571
116,119,3386
117,118,9770
117,119,8970
118,119,8250