0,1,2,3,4,5,6,7,8,9,10,11,12,13,14,15,16,17,18,19,20,21,22,23,24,25,26,27,28,29,30,31,32,33,34,35,36,37,38,39,40,41,42,43,44,45,46,47,48,49,50,51,52,53,54,55,56,57,58,59,60,61,62,63,64,65,66,67,68,69,70,71,72,73,74,75,76,77,78,79
0,1,5931
0,2,7069
0,3,5915
0,4,7260
0,5,9641
0,6,7905
0,7,513
0,8,469
0,9,6962
0,10,8483
0,11,1942
0,12,6412
0,13,8206
0,14,8951
0,15,7488
0,16,1505
0,17,4424
0,18,185
0,19,9003
0,20,3123
0,21,222
0,22,106
0,23,6354
0,24,2052
0,25,3480
0,26,3984
0,27,5297
0,28,3930
0,29,6390
0,30,3597
0,31,6378
0,32,9760
0,33,9746
0,34,8475
0,35,3044
0,36,3066
0,37,4380
0,38,6559
0,39,660
0,40,4486
0,41,7106
0,42,5876
0,43,4370
0,44,1291
0,45,7322
0,46,4029
0,47,389
0,48,5608
0,49,1195
0,50,1876
0,51,7951
0,52,3936
0,53,8134
0,54,2796
0,55,1458
0,56,2814
0,57,9829
0,58,914
0,59,7850
0,60,6686
0,61,7484
0,62,8587
0,63,5655
0,64,6936
0,65,5799
0,66,9080
0,67,903
0,68,2095
0,69,1937
0,70,3117
0,71,6373
0,72,5426
0,73,7064
0,74,9607
0,75,5390
0,76,3183
0,77,1613
0,78,2818
0,79,1917
1,2,96
1,3,940
1,4,9049
1,5,7905
1,6,6689
1,7,9870
1,8,6109
1,9,9856
1,11,1688
1,12,5520
1,13,4732
1,14,2428
1,15,1028
1,16,8076
1,17,2210
1,18,3690
1,19,6719
1,22,4862
1,23,4569
1,24,3466
1,25,5758
1,26,2687
1,27,5500
1,28,3277
1,29,7168
1,32,9385
1,33,4120
1,34,8044
1,35,4727
1,36,6494
1,37,6838
1,38,3114
1,39,7304
1,42,1207
1,43,545
1,44,8797
1,45,8244
1,46,1076
1,47,50
1,48,8786
1,49,15
1,52,6020
1,53,1884
1,54,4267
1,55,6936
1,56,5473
1,57,4293
1,58,8332
1,59,1843
1,62,5174
1,63,4852
1,64,4034
1,65,6556
1,66,4783
1,67,4123
1,68,7916
1,69,4333
1,72,8855
1,73,5708
1,74,2020
1,75,6992
1,76,2939
1,77,412
1,78,2311
1,79,8441
2,3,4892
2,4,5825
2,5,9914
2,6,8120
2,7,4210
2,8,7773
2,9,8884
2,11,909
2,12,7357
2,13,9852
2,14,1983
2,15,900
2,16,5542
2,17,81
2,18,4152
2,19,1007
2,22,9706
2,23,1772
2,24,2340
2,25,4752
2,26,5563
2,27,153
2,28,4661
2,29,5024
2,33,6963
2,34,7170
2,35,9781
2,36,3269
2,37,4107
2,38,6662
2,39,2930
2,43,4188
2,44,1913
2,45,844
2,46,346
2,47,465
2,48,6720
2,49,5783
2,53,518
2,54,6973
2,55,3252
2,56,3650
2,57,262
2,58,1082
2,59,3245
2,63,652
2,64,7891
2,65,7909
2,66,8877
2,67,2014
2,68,9327
2,69,7949
2,73,6683
2,74,351
2,75,4700
2,76,4761
2,77,4015
2,78,3259
2,79,5684
3,4,8775
3,5,8212
3,6,5543
3,7,1678
3,8,2248
3,9,6367
3,11,1983
3,12,7219
3,13,1385
3,14,8228
3,15,2281
3,16,606
3,17,6621
3,18,6019
3,19,5466
3,22,2363
3,23,9539
3,24,8902
3,25,1663
3,26,3915
3,27,5952
3,28,8323
3,29,6269
3,33,4746
3,34,9784
3,35,8111
3,36,951
3,37,6255
3,38,6115
3,39,8304
3,44,5451
3,45,5397
3,46,1404
3,47,1877
3,48,5766
3,49,2005
3,54,9673
3,55,658
3,56,5722
3,57,3471
3,58,9850
3,59,898
3,64,1624
3,65,1761
3,66,7137
3,67,2322
3,68,7144
3,69,949
3,74,4045
3,75,5052
3,76,9797
3,77,5616
3,78,4
3,79,3818
4,5,8670
4,6,4861
4,7,595
4,8,7014
4,9,1671
4,11,6473
4,12,9865
4,13,5545
4,14,5441
4,15,1016
4,16,9465
4,17,3239
4,18,91
4,19,8652
4,22,8694
4,23,466
4,24,4988
4,25,6852
4,26,7195
4,27,9880
4,28,1096
4,29,5410
4,33,1679
4,34,9209
4,35,4719
4,36,124
4,37,7927
4,38,254
4,39,5788
4,44,4726
4,45,8902
4,46,3625
4,47,1838
4,48,1474
4,49,4593
4,55,3727
4,56,999
4,57,5934
4,58,3527
4,59,2040
4,65,9269
4,66,7452
4,67,1861
4,68,8614
4,69,7079
4,75,6892
4,76,417
4,77,8593
4,78,2479
4,79,8644
5,6,317
5,7,4954
5,8,1335
5,9,6229
5,11,8689
5,12,31
5,13,4348
5,14,1840
5,15,2679
5,16,9523
5,17,8512
5,18,7981
5,19,1908
5,22,9274
5,23,2908
5,24,7337
5,25,3767
5,26,9565
5,27,1831
5,28,6290
5,29,7501
5,33,378
5,34,6698
5,35,331
5,36,2365
5,37,9576
5,38,9742
5,39,749
5,44,2890
5,45,5633
5,46,3096
5,47,7462
5,48,1914
5,49,7302
5,55,2149
5,56,2428
5,57,9010
5,58,332
5,59,7894
5,66,9447
5,67,9641
5,68,5404
5,69,317
5,76,8560
5,77,5260
5,78,23
5,79,1630
6,7,9145
6,8,8165
6,9,9138
6,11,5594
6,12,5025
6,13,5122
6,14,502
6,15,4626
6,16,5835
6,17,9208
6,18,7870
6,19,1787
6,22,5659
6,23,4253
6,24,4989
6,25,4749
6,26,9817
6,27,4882
6,28,6369
6,29,3714
6,33,9580
6,34,9148
6,35,8439
6,36,4083
6,37,3598
6,38,485
6,39,4517
6,44,3940
6,45,8784
6,46,2336
6,47,2088
6,48,6449
6,49,6171
6,55,4125
6,56,30
6,57,5109
6,58,1356
6,59,6831
6,66,4578
6,67,1297
6,68,3048
6,69,3487
6,77,3639
6,78,2398
6,79,9425
7,8,7508
7,9,5307
7,11,5159
7,12,3922
7,13,254
7,14,1917
7,15,5041
7,16,7760
7,17,6673
7,18,6560
7,19,3074
7,22,3274
7,23,3722
7,24,7169
7,25,5949
7,26,9244
7,27,5270
7,28,4367
7,29,7638
7,33,8454
7,34,6856
7,35,6935
7,36,4500
7,37,7781
7,38,4287
7,39,491
7,44,6058
7,45,9296
7,46,891
7,47,5493
7,48,4128
7,49,5576
7,55,4746
7,56,3247
7,57,8990
7,58,5656
7,59,3131
7,66,3121
7,67,2062
7,68,3208
7,69,1929
7,77,2078
7,78,5061
7,79,2908
8,9,911
8,10,8544
8,11,3301
8,12,3687
8,13,3831
8,14,5874
8,15,3917
8,16,9003
8,17,5949
8,18,2531
8,19,3573
8,20,6700
8,21,1469
8,22,7104
8,23,5034
8,24,9060
8,25,6125
8,26,4188
8,27,5885
8,28,802
8,29,6253
8,30,6709
8,31,4488
8,32,6024
8,33,8185
8,34,115
8,35,5025
8,36,3369
8,37,2299
8,38,1575
8,39,2651
8,40,384
8,41,1503
8,42,8190
8,43,2470
8,44,4662
8,45,7920
8,46,6795
8,47,8729
8,48,6868
8,49,3361
8,50,1131
8,51,7787
8,52,3817
8,53,8891
8,54,2151
8,55,4127
8,56,8435
8,57,7419
8,58,4844
8,59,600
8,60,7425
8,61,5924
8,62,318
8,63,8827
8,64,409
8,65,3992
8,66,2404
8,67,6536
8,68,7172
8,69,9878
8,70,1227
8,71,203
8,72,4213
8,73,3437
8,74,4147
8,75,9511
8,76,9772
8,77,2384
8,78,4982
8,79,5166
9,10,2448
9,11,2713
9,12,8311
9,13,7748
9,14,875
9,15,3926
9,16,7535
9,17,1757
9,18,401
9,19,5549
9,20,6303
9,21,3107
9,22,9307
9,23,9553
9,24,4179
9,25,6460
9,26,3413
9,27,1852
9,28,1341
9,29,7894
9,30,146
9,31,1020
9,32,5535
9,33,9990
9,34,5624
9,35,9243
9,36,5626
9,37,730
9,38,2381
9,39,2651
9,40,2525
9,41,8655
9,42,5138
9,43,5894
9,44,7483
9,45,2099
9,46,929
9,47,1416
9,48,8208
9,49,4626
9,50,1338
9,51,3368
9,52,9361
9,53,1443
9,54,1812
9,55,9831
9,56,9848
9,57,9289
9,58,1032
9,59,4870
9,60,8295
9,61,8765
9,62,5797
9,63,7288
9,64,1028
9,65,3609
9,66,9511
9,67,7063
9,68,3927
9,69,634
9,70,8590
9,71,1333
9,72,6559
9,73,2737
9,74,8066
9,75,5267
9,76,161
9,77,7074
9,78,8484
9,79,5689
10,1,7128
10,2,8678
10,3,4475
10,4,5331
10,5,9540
10,6,9828
10,7,2681
10,11,4043
10,12,5192
10,13,4667
10,14,8770
10,15,5638
10,16,9491
10,17,5787
10,18,6040
10,19,7809
10,20,7379
10,21,3673
10,22,1681
10,23,3269
10,24,934
10,25,7073
10,26,3083
10,27,7967
10,28,1447
10,29,958
10,30,471
10,31,8097
10,32,2528
10,33,8976
10,34,6023
10,35,6835
10,36,7973
10,37,596
10,38,3053
10,39,4787
10,40,6947
10,41,592
10,42,9414
10,43,6908
10,44,3083
10,45,4405
10,46,144
10,47,1082
10,48,532
10,49,3784
10,50,5162
10,51,8817
10,52,7587
10,53,3976
10,54,160
10,55,7745
10,56,1093
10,57,2205
10,58,7302
10,59,9324
10,60,3713
10,61,4570
10,62,1369
10,63,2501
10,64,4209
10,65,9259
10,66,2595
10,67,9194
10,68,1329
10,69,6876
10,70,3277
10,71,6563
10,72,2909
10,73,8355
10,74,3056
10,75,975
10,76,6805
10,77,9093
10,78,1742
10,79,1668
11,12,5687
11,13,3026
11,14,4131
11,15,536
11,16,5656
11,17,8528
11,18,7444
11,19,3164
11,20,6854
11,21,3699
11,22,3328
11,23,8200
11,24,485
11,25,3679
11,26,6748
11,27,926
11,28,9358
11,29,2456
11,30,416
11,31,9969
11,32,3478
11,33,7349
11,34,453
11,35,5338
11,36,4618
11,37,3570
11,38,1174
11,39,9589
11,40,3429
11,41,1282
11,42,9504
11,43,8483
11,44,8757
11,45,5421
11,46,9850
11,47,2612
11,48,7008
11,49,7009
11,50,5890
11,51,2190
11,52,2823
11,53,4657
11,54,9237
11,55,1689
11,56,6586
11,57,5966
11,58,1984
11,59,4958
11,60,7540
11,61,2319
11,62,9625
11,63,3762
11,64,3187
11,65,344
11,66,9809
11,67,9387
11,68,8339
11,69,412
11,70,1685
11,71,5330
11,72,9913
11,73,173
11,74,703
11,75,2486
11,76,7071
11,77,3136
11,78,7933
11,79,8969
12,13,9825
12,14,9405
12,15,6089
12,16,3540
12,17,8425
12,18,4802
12,19,2293
12,20,9483
12,21,5138
12,22,8848
12,23,9406
12,24,1581
12,25,2947
12,26,5693
12,27,3736
12,28,1298
12,29,3480
12,30,6185
12,31,8965
12,32,6380
12,33,9613
12,34,9317
12,35,5835
12,36,7824
12,37,6004
12,38,9484
12,39,6507
12,40,6279
12,41,3685
12,42,1952
12,43,9557
12,44,2042
12,45,5574
12,46,5138
12,47,8071
12,48,6321
12,49,6522
12,50,1275
12,51,2954
12,52,5722
12,53,3029
12,54,4840
12,55,8839
12,56,2691
12,57,9312
12,58,887
12,59,1290
12,60,3434
12,61,3762
12,62,9935
12,63,7545
12,64,6082
12,65,7261
12,66,2978
12,67,5623
12,68,3596
12,69,9476
12,70,9772
12,71,4162
12,72,4701
12,73,7147
12,74,8731
12,75,6391
12,76,555
12,77,6898
12,78,584
12,79,6869
13,14,3655
13,15,769
13,16,1864
13,17,8204
13,18,7818
13,19,7890
13,20,2979
13,21,8926
13,22,3453
13,23,7654
13,24,2589
13,25,6630
13,26,5340
13,27,3702
13,28,693
13,29,9221
13,30,2071
13,31,4086
13,32,4323
13,33,9465
13,34,5507
13,35,9096
13,36,8868
13,37,9798
13,38,3987
13,39,8159
13,40,8310
13,41,1274
13,42,8408
13,43,4510
13,44,4117
13,45,3964
13,46,745
13,47,8009
13,48,4895
13,49,7847
13,50,3966
13,51,3981
13,52,4498
13,53,5729
13,54,9195
13,55,4934
13,56,9575
13,57,5329
13,58,1530
13,59,1050
13,60,9646
13,61,8101
13,62,1303
13,63,9228
13,64,2235
13,65,205
13,66,2099
13,67,5171
13,68,3599
13,69,9444
13,70,7387
13,71,8891
13,72,9853
13,73,774
13,74,7775
13,75,6128
13,76,4364
13,77,7804
13,78,3335
13,79,5961
14,15,4191
14,16,3165
14,17,861
14,18,3408
14,19,2699
14,20,8629
14,21,365
14,22,4436
14,23,3941
14,24,5962
14,25,2704
14,26,1214
14,27,1157
14,28,6749
14,29,5064
14,30,9276
14,31,5462
14,32,9789
14,33,9630
14,34,8556
14,35,410
14,36,4708
14,37,5899
14,38,7931
14,39,514
14,40,8722
14,41,302
14,42,995
14,43,8289
14,44,1538
14,45,9802
14,46,8071
14,47,2398
14,48,1944
14,49,4593
14,50,3457
14,51,540
14,52,1297
14,53,7941
14,54,325
14,55,6274
14,56,6063
14,57,3802
14,58,6284
14,59,6332
14,60,9877
14,61,3615
14,62,5224
14,63,5535
14,64,8451
14,65,4523
14,66,9891
14,67,1401
14,68,2010
14,69,7167
14,70,5931
14,71,549
14,72,34
14,73,4367
14,74,3340
14,75,2479
14,76,3542
14,77,5494
14,78,6848
14,79,3219
15,16,6726
15,17,3645
15,18,2684
15,19,8923
15,20,5096
15,21,5216
15,22,1843
15,23,2313
15,24,7426
15,25,2794
15,26,8845
15,27,326
15,28,8251
15,29,2898
15,30,1360
15,31,7541
15,32,421
15,33,8165
15,34,9269
15,35,4982
15,36,479
15,37,2241
15,38,9144
15,39,625
15,40,274
15,41,1168
15,42,482
15,43,2343
15,44,9323
15,45,6939
15,46,4578
15,47,6425
15,48,1994
15,49,9914
15,50,9099
15,51,486
15,52,7305
15,53,2559
15,54,4212
15,55,8585
15,56,8251
15,57,6482
15,58,359
15,59,228
15,60,7894
15,61,851
15,62,3281
15,63,9590
15,64,3338
15,65,9427
15,66,7645
15,67,8908
15,68,6504
15,69,5582
15,70,4534
15,71,831
15,72,5126
15,73,4894
15,74,6001
15,75,8687
15,76,341
15,77,7633
15,78,7465
15,79,3225
16,17,76
16,18,3418
16,19,8837
16,20,798
16,21,4040
16,22,1915
16,23,6301
16,24,6004
16,25,272
16,26,1403
16,27,2904
16,28,6823
16,29,589
16,30,6184
16,31,7808
16,32,3947
16,33,4593
16,34,7650
16,35,9903
16,36,6414
16,37,1053
16,38,9911
16,39,8966
16,40,3392
16,41,8146
16,42,2469
16,43,9373
16,44,5369
16,45,5966
16,46,2856
16,47,8572
16,48,7892
16,49,5784
16,50,4698
16,51,5680
16,52,460
16,53,491
16,54,8246
16,55,8340
16,56,2883
16,57,9029
16,58,37
16,59,4108
16,60,6764
16,61,9396
16,62,7715
16,63,3106
16,64,5259
16,65,4016
16,66,6172
16,67,9962
16,68,4120
16,69,8515
16,70,1171
16,71,1237
16,72,6462
16,73,1352
16,74,8240
16,75,3570
16,76,8285
16,77,95
16,78,6894
16,79,802
17,18,108
17,19,5627
17,20,5993
17,21,6723
17,22,4255
17,23,5052
17,24,2769
17,25,4412
17,26,2855
17,27,1381
17,28,7476
17,29,4623
17,30,7458
17,31,2424
17,32,1788
17,33,6284
17,34,6407
17,35,9717
17,36,7660
17,37,2688
17,38,9729
17,39,3652
17,40,8518
17,41,2774
17,42,5490
17,43,8479
17,44,8049
17,45,2692
17,46,4346
17,47,8901
17,48,2115
17,49,6839
17,50,4352
17,51,7589
17,52,7339
17,53,5501
17,54,8250
17,55,9830
17,56,8809
17,57,8766
17,58,5194
17,59,8024
17,60,8173
17,61,3554
17,62,7838
17,63,3374
17,64,3656
17,65,9477
17,66,9296
17,67,1404
17,68,2858
17,69,4488
17,70,6953
17,71,475
17,72,1770
17,73,8695
17,74,8242
17,75,8221
17,76,1929
17,77,2244
17,78,3333
17,79,3008
18,19,5911
18,20,298
18,21,1928
18,22,8741
18,23,782
18,24,5317
18,25,2810
18,26,8517
18,27,9324
18,28,7135
18,29,9471
18,30,9665
18,31,7818
18,32,4268
18,33,5514
18,34,1318
18,35,7389
18,36,313
18,37,7536
18,38,7213
18,39,9662
18,40,9142
18,41,3336
18,42,4595
18,43,2020
18,44,4282
18,45,6565
18,46,643
18,47,7256
18,48,2261
18,49,1956
18,50,7704
18,51,5078
18,52,7495
18,53,5660
18,54,5145
18,55,746
18,56,3501
18,57,8491
18,58,1508
18,59,3070
18,60,2641
18,61,5089
18,62,1309
18,63,1072
18,64,5011
18,65,3050
18,66,895
18,67,5775
18,68,4654
18,69,9776
18,70,6573
18,71,5979
18,72,6833
18,73,9770
18,74,2007
18,75,6690
18,76,8035
18,77,491
18,78,4456
18,79,6886
19,20,6503
19,21,6348
19,22,3717
19,23,4726
19,24,2383
19,25,4696
19,26,9571
19,27,1123
19,28,3462
19,29,8851
19,30,2831
19,31,3512
19,32,3739
19,33,5850
19,34,936
19,35,3106
19,36,1219
19,37,124
19,38,1254
19,39,3320
19,40,3940
19,41,6113
19,42,8217
19,43,1067
19,44,7003
19,45,7172
19,46,4478
19,47,9281
19,48,1847
19,49,8034
19,50,8626
19,51,9811
19,52,8632
19,53,5108
19,54,9615
19,55,3169
19,56,5843
19,57,5538
19,58,2795
19,59,2867
19,60,5515
19,61,9181
19,62,6331
19,63,4293
19,64,8853
19,65,1674
19,66,2704
19,67,3089
19,68,5560
19,69,9242
19,70,551
19,71,4803
19,72,4263
19,73,7118
19,74,3859
19,75,1238
19,76,182
19,77,504
19,78,6795
19,79,3566
20,1,7745
20,2,627
20,3,8004
20,4,8490
20,5,9361
20,6,7843
20,7,1597
20,21,8945
20,22,1820
20,23,7448
20,24,4562
20,25,2006
20,26,6529
20,27,330
20,28,696
20,29,6606
20,30,3803
20,31,607
20,32,4117
20,33,308
20,34,6199
20,35,8633
20,36,7179
20,37,7322
20,38,3362
20,39,4835
20,40,8192
20,41,3773
20,42,4664
20,43,8232
20,44,7903
20,45,9887
20,46,3398
20,47,672
20,48,7322
20,49,2676
20,50,5330
20,51,5712
20,52,9301
20,53,2023
20,54,3669
20,55,7428
20,56,3790
20,57,7595
20,58,1199
20,59,5904
20,60,316
20,61,5537
20,62,3516
20,63,9530
20,64,4399
20,65,3695
20,66,2831
20,67,3337
20,68,4926
20,69,2425
20,70,1850
20,71,8857
20,72,2126
20,73,8882
20,74,326
20,75,4969
20,76,5091
20,77,2463
20,78,2496
20,79,6670
21,22,2951
21,23,5481
21,24,9614
21,25,6870
21,26,5964
21,27,972
21,28,7531
21,29,8725
21,30,7342
21,31,2375
21,32,8522
21,33,7147
21,34,682
21,35,98
21,36,1104
21,37,9896
21,38,6615
21,39,6318
21,40,374
21,41,5628
21,42,8966
21,43,1224
21,44,3204
21,45,5710
21,46,5719
21,47,9755
21,48,565
21,49,187
21,50,7365
21,51,3711
21,52,104
21,53,6829
21,54,561
21,55,5634
21,56,8890
21,57,9798
21,58,2935
21,59,7973
21,60,5086
21,61,3928
21,62,6019
21,63,6950
21,64,6467
21,65,1555
21,66,8884
21,67,4422
21,68,3807
21,69,5137
21,70,754
21,71,4551
21,72,1397
21,73,1758
21,74,1209
21,75,8513
21,76,9013
21,77,665
21,78,5764
21,79,5308
22,23,5079
22,24,2760
22,25,2118
22,26,202
22,27,3498
22,28,3636
22,29,1353
22,30,1075
22,31,9463
22,32,6758
22,33,7670
22,34,9651
22,35,7819
22,36,4315
22,37,966
22,38,3626
22,39,9303
22,40,6964
22,41,8215
22,42,8735
22,43,8675
22,44,487
22,45,4558
22,46,6039
22,47,8161
22,48,3987
22,49,9697
22,50,1402
22,51,4216
22,52,8065
22,53,2183
22,54,7697
22,55,2037
22,56,1960
22,57,2218
22,58,4605
22,59,1485
22,60,9983
22,61,800
22,62,9184
22,63,3030
22,64,9069
22,65,3613
22,66,3755
22,67,3125
22,68,3027
22,69,8842
22,70,4546
22,71,4957
22,72,3637
22,73,6102
22,74,4942
22,75,7191
22,76,8077
22,77,2580
22,78,8833
22,79,9523
23,24,3610
23,25,6576
23,26,7673
23,27,1277
23,28,2397
23,29,1650
23,30,9959
23,31,6864
23,32,3080
23,33,2006
23,34,3926
23,35,8457
23,36,9147
23,37,1977
23,38,5888
23,39,7802
23,40,5800
23,41,1858
23,42,6457
23,43,2848
23,44,9848
23,45,5305
23,46,9615
23,47,4280
23,48,9091
23,49,1024
23,50,3572
23,51,7107
23,52,5164
23,53,2996
23,54,5874
23,55,2834
23,56,54
23,57,4648
23,58,5454
23,59,2694
23,60,5909
23,61,1825
23,62,5323
23,63,4703
23,64,187
23,65,5221
23,66,8553
23,67,6784
23,68,5890
23,69,5784
23,70,3855
23,71,8537
23,72,9366
23,73,8544
23,74,9167
23,75,6006
23,76,1743
23,77,6829
23,78,3850
23,79,2811
24,25,5089
24,26,5359
24,27,594
24,28,8248
24,29,8744
24,30,474
24,31,9016
24,32,1078
24,33,9016
24,34,7250
24,35,8160
24,36,7045
24,37,8651
24,38,470
24,39,6810
24,40,417
24,41,2030
24,42,8205
24,43,6258
24,44,529
24,45,2573
24,46,9567
24,47,726
24,48,6727
24,49,9855
24,50,474
24,51,7013
24,52,7913
24,53,6705
24,54,7714
24,55,924
24,56,3503
24,57,1964
24,58,8083
24,59,8538
24,60,1078
24,61,3424
24,62,6143
24,63,4803
24,64,2795
24,65,6008
24,66,2323
24,67,895
24,68,3331
24,69,4152
24,70,6819
24,71,5637
24,72,8886
24,73,4648
24,74,6224
24,75,1493
24,76,445
24,77,7824
24,78,9410
24,79,5097
25,26,466
25,27,2775
25,28,2055
25,29,998
25,30,3246
25,31,9688
25,32,4846
25,33,2980
25,34,9753
25,35,5278
25,36,2184
25,37,793
25,38,2029
25,39,2416
25,40,762
25,41,9827
25,42,411
25,43,5017
25,44,7892
25,45,7987
25,46,2050
25,47,7615
25,48,483
25,49,3160
25,50,5254
25,51,5212
25,52,7633
25,53,7238
25,54,7605
25,55,7629
25,56,5485
25,57,1784
25,58,601
25,59,3689
25,60,5888
25,61,5557
25,62,9161
25,63,3098
25,64,3370
25,65,9291
25,66,3761
25,67,9515
25,68,9516
25,69,8741
25,70,99
25,71,6398
25,72,9849
25,73,6461
25,74,8232
25,75,1051
25,76,8838
25,77,7168
25,78,324
25,79,2183
26,27,708
26,28,9816
26,29,371
26,30,3485
26,31,2001
26,32,1853
26,33,3988
26,34,2679
26,35,6888
26,36,4499
26,37,7176
26,38,1614
26,39,8205
26,40,4909
26,41,5863
26,42,5987
26,43,7842
26,44,6159
26,45,5095
26,46,5972
26,47,7127
26,48,8778
26,49,8073
26,50,9305
26,51,4267
26,52,6879
26,53,3805
26,54,1099
26,55,5634
26,56,2237
26,57,8240
26,58,2684
26,59,1927
26,60,949
26,61,3822
26,62,1324
26,63,609
26,64,8727
26,65,2107
26,66,3176
26,67,1429
26,68,6250
26,69,3752
26,70,9014
26,71,7256
26,72,7822
26,73,7676
26,74,292
26,75,6867
26,76,692
26,77,38
26,78,6395
26,79,7994
27,28,4795
27,29,5041
27,30,8790
27,31,7135
27,32,2818
27,33,9141
27,34,5682
27,35,1068
27,36,5345
27,37,713
27,38,5357
27,39,6461
27,40,2993
27,41,2653
27,42,5408
27,43,2508
27,44,5629
27,45,2275
27,46,7884
27,47,3442
27,48,5322
27,49,7852
27,50,245
27,51,9166
27,52,5721
27,53,9539
27,54,7250
27,55,8552
27,56,6427
27,57,8967
27,58,145
27,59,9835
27,60,6228
27,61,5825
27,62,5246
27,63,3290
27,64,4768
27,65,2583
27,66,2429
27,67,8179
27,68,1164
27,69,3157
27,70,7665
27,71,4409
27,72,2871
27,73,2387
27,74,938
27,75,6226
27,76,12
27,77,9885
27,78,9242
27,79,3811
28,29,464
28,30,329
28,31,3084
28,32,1141
28,33,1347
28,34,3405
28,35,1073
28,36,6392
28,37,3564
28,38,562
28,39,7833
28,40,917
28,41,1708
28,42,6835
28,43,5134
28,44,1859
28,45,3833
28,46,8963
28,47,2434
28,48,2867
28,49,5793
28,50,9073
28,51,1991
28,52,8897
28,53,5043
28,54,4144
28,55,9529
28,56,7580
28,57,9581
28,58,4422
28,59,2634
28,60,4846
28,61,6442
28,62,6809
28,63,7199
28,64,3907
28,65,674
28,66,2953
28,67,3120
28,68,5582
28,69,6513
28,70,8830
28,71,74
28,72,3196
28,73,2044
28,74,1012
28,75,831
28,76,2632
28,77,4708
28,78,8780
28,79,5876
29,30,4786
29,31,6853
29,32,4564
29,33,8740
29,34,3281
29,35,319
29,36,1852
29,37,3492
29,38,1637
29,39,6381
29,40,581
29,41,7304
29,42,9649
29,43,9552
29,44,138
29,45,1351
29,46,7778
29,47,5084
29,48,2067
29,49,3932
29,50,9873
29,51,7725
29,52,8632
29,53,1733
29,54,4667
29,55,2459
29,56,9277
29,57,6241
29,58,9858
29,59,4156
29,60,6027
29,61,5399
29,62,4018
29,63,8917
29,64,4662
29,65,3849
29,66,3202
29,67,6512
29,68,1313
29,69,9495
29,70,3418
29,71,5062
29,72,1027
29,73,3422
29,74,3396
29,75,572
29,76,2336
29,77,7953
29,78,7819
29,79,4376
30,1,5837
30,2,7373
30,3,9250
30,4,5779
30,5,9011
30,6,1801
30,7,4127
30,31,9771
30,32,934
30,33,5848
30,34,1962
30,35,4229
30,36,7699
30,37,2790
30,38,3578
30,39,9177
30,40,3328
30,41,8817
30,42,4815
30,43,7537
30,44,3942
30,45,2319
30,46,1580
30,47,2672
30,48,2590
30,49,3157
30,50,8321
30,51,1841
30,52,8322
30,53,5161
30,54,8553
30,55,7368
30,56,5120
30,57,1257
30,58,7520
30,59,7110
30,60,1775
30,61,8891
30,62,3934
30,63,9529
30,64,3207
30,65,5585
30,66,6384
30,67,9913
30,68,176
30,69,3154
30,70,2869
30,71,3143
30,72,7288
30,73,8972
30,74,3367
30,75,9811
30,76,1905
30,77,3512
30,78,153
30,79,6237
31,32,1420
31,33,5827
31,34,1332
31,35,3828
31,36,611
31,37,9965
31,38,4899
31,39,2432
31,40,8088
31,41,5868
31,42,377
31,43,5755
31,44,9494
31,45,5194
31,46,9444
31,47,8727
31,48,6280
31,49,1409
31,50,2739
31,51,9397
31,52,9952
31,53,7470
31,54,5316
31,55,6380
31,56,4003
31,57,5456
31,58,5224
31,59,2034
31,60,5367
31,61,5220
31,62,4894
31,63,3375
31,64,146
31,65,6088
31,66,4848
31,67,4648
31,68,4701
31,69,8149
31,70,6621
31,71,201
31,72,9875
31,73,3290
31,74,5644
31,75,5423
31,76,1399
31,77,5848
31,78,8696
31,79,712
32,33,7751
32,34,1661
32,35,8224
32,36,6989
32,37,5645
32,38,9268
32,39,9651
32,40,6953
32,41,9741
32,42,9536
32,43,1851
32,44,937
32,45,7724
32,46,5671
32,47,4942
32,48,3153
32,49,6973
32,50,5436
32,51,5350
32,52,9260
32,53,1366
32,54,184
32,55,8666
32,56,5271
32,57,1462
32,58,7875
32,59,821
32,60,1888
32,61,9092
32,62,9266
32,63,2211
32,64,343
32,65,3035
32,66,7694
32,67,7490
32,68,6213
32,69,6674
32,70,9843
32,71,1158
32,72,5836
32,73,8055
32,74,3255
32,75,5219
32,76,659
32,77,9197
32,78,9993
32,79,9411
33,34,6370
33,35,8637
33,36,8404
33,37,723
33,38,8908
33,39,8805
33,40,9859
33,41,1304
33,42,9002
33,43,7553
33,44,1785
33,45,7941
33,46,7322
33,47,1130
33,48,6756
33,49,4163
33,50,7959
33,51,5954
33,52,7610
33,53,656
33,54,7724
33,55,4298
33,56,157
33,57,7225
33,58,9855
33,59,3080
33,60,8013
33,61,8287
33,62,9052
33,63,539
33,64,5093
33,65,7475
33,66,1407
33,67,8280
33,68,295
33,69,7196
33,70,1666
33,71,3641
33,72,8324
33,73,2494
33,74,6497
33,75,3495
33,76,8050
33,77,1142
33,78,8067
33,79,9964
34,35,9586
34,36,2909
34,37,8016
34,38,6681
34,39,7573
34,40,5280
34,41,8011
34,42,3541
34,43,6540
34,44,176
34,45,6821
34,46,7564
34,47,7016
34,48,5939
34,49,8028
34,50,6225
34,51,6403
34,52,8333
34,53,2100
34,54,4162
34,55,737
34,56,1440
34,57,7280
34,58,3881
34,59,506
34,60,4719
34,61,3108
34,62,5871
34,63,1713
34,64,3010
34,65,4287
34,66,7682
34,67,1820
34,68,3582
34,69,4149
34,70,9767
34,71,8567
34,72,8971
34,73,9296
34,74,6791
34,75,9505
34,76,4103
34,77,9738
34,78,326
34,79,2734
35,36,7898
35,37,5639
35,38,1240
35,39,5209
35,40,8038
35,41,8172
35,42,5050
35,43,1143
35,44,1997
35,45,6095
35,46,6324
35,47,5376
35,48,6752
35,49,5076
35,50,7010
35,51,3748
35,52,7611
35,53,9222
35,54,5912
35,55,7484
35,56,7991
35,57,9764
35,58,99
35,59,1340
35,60,8126
35,61,4099
35,62,9556
35,63,8116
35,64,351
35,65,5697
35,66,795
35,67,8217
35,68,5524
35,69,2726
35,70,4484
35,71,1084
35,72,1029
35,73,4421
35,74,5145
35,75,8280
35,76,9137
35,77,7338
35,78,5868
35,79,6661
36,37,652
36,38,8512
36,39,8273
36,40,982
36,41,6915
36,42,8556
36,43,8345
36,44,4255
36,45,8704
36,46,9867
36,47,1746
36,48,9180
36,49,8772
36,50,6474
36,51,2102
36,52,3588
36,53,4530
36,54,8423
36,55,2880
36,56,8344
36,57,3663
36,58,1698
36,59,6776
36,60,6127
36,61,8842
36,62,5609
36,63,7740
36,64,3796
36,65,3449
36,66,19
36,67,6332
36,68,4491
36,69,6263
36,70,2323
36,71,9051
36,72,3308
36,73,206
36,74,3164
36,75,5391
36,76,8175
36,77,7321
36,78,827
36,79,5258
37,38,1892
37,39,7544
37,40,3457
37,41,7561
37,42,805
37,43,7124
37,44,2953
37,45,5714
37,46,5109
37,47,9317
37,48,5796
37,49,5264
37,50,1751
37,51,8981
37,52,8629
37,53,7851
37,54,9947
37,55,3772
37,56,6988
37,57,1974
37,58,7502
37,59,9427
37,60,3317
37,61,8702
37,62,7067
37,63,6282
37,64,863
37,65,4547
37,66,3164
37,67,1486
37,68,5517
37,69,486
37,70,6307
37,71,9340
37,72,3359
37,73,1946
37,74,4224
37,75,4473
37,76,8052
37,77,5927
37,78,5634
37,79,3987
38,39,2120
38,40,5834
38,41,3248
38,42,8105
38,43,3547
38,44,8749
38,45,2089
38,46,2456
38,47,2122
38,48,794
38,49,5149
38,50,9691
38,51,7175
38,52,4831
38,53,6765
38,54,1402
38,55,7538
38,56,5352
38,57,4690
38,58,9666
38,59,809
38,60,1853
38,61,6160
38,62,417
38,63,9090
38,64,9206
38,65,5781
38,66,2102
38,67,8616
38,68,7293
38,69,8111
38,70,7337
38,71,8880
38,72,6629
38,73,8374
38,74,2248
38,75,349
38,76,9075
38,77,4752
38,78,4632
38,79,4175
39,40,851
39,41,675
39,42,9563
39,43,3036
39,44,321
39,45,8587
39,46,9444
39,47,287
39,48,3463
39,49,9016
39,50,7168
39,51,8115
39,52,4538
39,53,5278
39,54,9487
39,55,6540
39,56,3892
39,57,6731
39,58,1632
39,59,4391
39,60,1300
39,61,7012
39,62,3953
39,63,5156
39,64,1161
39,65,3137
39,66,4438
39,67,7260
39,68,9346
39,69,837
39,70,4696
39,71,7546
39,72,8634
39,73,2520
39,74,558
39,75,3739
39,76,7334
39,77,6821
39,78,1680
39,79,1440
40,1,2182
40,2,6884
40,3,4964
40,4,4289
40,5,9551
40,6,8720
40,7,6449
40,41,8556
40,42,9055
40,43,920
40,44,779
40,45,4593
40,46,4832
40,47,2806
40,48,6865
40,49,3638
40,50,8680
40,51,1415
40,52,1367
40,53,4359
40,54,2621
40,55,647
40,56,6312
40,57,1885
40,58,7049
40,59,9157
40,60,2900
40,61,2857
40,62,1770
40,63,3564
40,64,8776
40,65,7621
40,66,5717
40,67,1958
40,68,3118
40,69,3872
40,70,7594
40,71,6296
40,72,8792
40,73,4085
40,74,4411
40,75,7911
40,76,1288
40,77,4210
40,78,6520
40,79,6546
41,42,2654
41,43,3602
41,44,1975
41,45,6951
41,46,79
41,47,147
41,48,1104
41,49,7929
41,50,8974
41,51,9078
41,52,159
41,53,439
41,54,7650
41,55,1219
41,56,1141
41,57,627
41,58,4147
41,59,1588
41,60,6622
41,61,8398
41,62,3795
41,63,548
41,64,7780
41,65,1973
41,66,8194
41,67,990
41,68,6290
41,69,6031
41,70,3681
41,71,155
41,72,5894
41,73,666
41,74,7771
41,75,8364
41,76,6620
41,77,515
41,78,9993
41,79,322
42,43,1513
42,44,8761
42,45,855
42,46,4215
42,47,4790
42,48,9787
42,49,7758
42,50,9720
42,51,3135
42,52,2983
42,53,3622
42,54,4820
42,55,5942
42,56,5869
42,57,1187
42,58,8314
42,59,4897
42,60,2440
42,61,8973
42,62,2672
42,63,4439
42,64,9355
42,65,2426
42,66,648
42,67,5576
42,68,3095
42,69,172
42,70,1795
42,71,2985
42,72,9892
42,73,7836
42,74,7514
42,75,3680
42,76,6217
42,77,5917
42,78,6696
42,79,3347
43,44,9379
43,45,1435
43,46,4670
43,47,1641
43,48,715
43,49,2388
43,50,8237
43,51,5387
43,52,218
43,53,4487
43,54,1697
43,55,936
43,56,8351
43,57,6202
43,58,5288
43,59,780
43,60,4577
43,61,9368
43,62,1057
43,63,7998
43,64,5097
43,65,2503
43,66,1420
43,67,5118
43,68,9011
43,69,7771
43,70,3754
43,71,4057
43,72,446
43,73,6278
43,74,8324
43,75,9966
43,76,9720
43,77,9747
43,78,3269
43,79,2389
44,45,8224
44,46,3710
44,47,401
44,48,3463
44,49,6796
44,50,49
44,51,2523
44,52,7844
44,53,5830
44,54,9550
44,55,1265
44,56,4567
44,57,5509
44,58,7267
44,59,6201
44,60,5815
44,61,1134
44,62,4019
44,63,7625
44,64,1030
44,65,9185
44,66,7667
44,67,457
44,68,760
44,69,4217
44,70,5127
44,71,6229
44,72,7586
44,73,7998
44,74,689
44,75,9239
44,76,6938
44,77,9346
44,78,2210
44,79,7745
45,46,3938
45,47,7043
45,48,2983
45,49,7324
45,50,9031
45,51,6452
45,52,4685
45,53,5337
45,54,4877
45,55,7050
45,56,4968
45,57,2765
45,58,1563
45,59,6616
45,60,7141
45,61,8885
45,62,7876
45,63,4743
45,64,8499
45,65,5555
45,66,9270
45,67,6302
45,68,4217
45,69,1565
45,70,5848
45,71,5591
45,72,9776
45,73,1248
45,74,7264
45,75,8488
45,76,6394
45,77,9310
45,78,9360
45,79,2815
46,47,5980
46,48,174
46,49,6544
46,50,2742
46,51,5550
46,52,2614
46,53,1032
46,54,6194
46,55,4923
46,56,6406
46,57,6160
46,58,6331
46,59,4224
46,60,8757
46,61,5606
46,62,9162
46,63,9318
46,64,1162
46,65,4767
46,66,2065
46,67,589
46,68,8859
46,69,7991
46,70,9052
46,71,2597
46,72,6133
46,73,6511
46,74,4203
46,75,4076
46,76,31
46,77,7436
46,78,5483
46,79,9557
47,48,1328
47,49,619
47,50,7558
47,51,1173
47,52,377
47,53,7567
47,54,6990
47,55,1931
47,56,1762
47,57,110
47,58,7076
47,59,3567
47,60,8542
47,61,1004
47,62,7971
47,63,5683
47,64,4857
47,65,6816
47,66,4831
47,67,3035
47,68,224
47,69,1040
47,70,6250
47,71,8384
47,72,1073
47,73,7252
47,74,9106
47,75,9444
47,76,3005
47,77,5383
47,78,1598
47,79,2810
48,49,9355
48,50,2630
48,51,1791
48,52,8970
48,53,4092
48,54,2545
48,55,5001
48,56,6364
48,57,2408
48,58,3003
48,59,9057
48,60,3444
48,61,6661
48,62,9368
48,63,5324
48,64,1146
48,65,863
48,66,5091
48,67,3833
48,68,8181
48,69,4818
48,70,8016
48,71,4013
48,72,7076
48,73,7582
48,74,5436
48,75,2659
48,76,5219
48,77,7555
48,78,6077
48,79,5927
49,50,6727
49,51,135
49,52,8566
49,53,4546
49,54,3251
49,55,8562
49,56,334
49,57,7207
49,58,9461
49,59,38
49,60,8776
49,61,6776
49,62,7586
49,63,7989
49,64,4234
49,65,5076
49,66,8837
49,67,9058
49,68,8196
49,69,5181
49,70,6688
49,71,4315
49,72,6000
49,73,1032
49,74,9301
49,75,9894
49,76,7258
49,77,8641
49,78,8115
49,79,4401
50,1,5978
50,2,2438
50,3,9716
50,4,9631
50,5,5129
50,6,4056
50,7,6437
50,51,6649
50,52,5927
50,53,3331
50,54,1070
50,55,6108
50,56,2086
50,57,8340
50,58,8782
50,59,924
50,60,5331
50,61,7470
50,62,3632
50,63,8520
50,64,8753
50,65,1830
50,66,6650
50,67,6853
50,68,3514
50,69,3981
50,70,278
50,71,8437
50,72,406
50,73,2003
50,74,1591
50,75,5229
50,76,9896
50,77,9979
50,78,4978
50,79,1934
51,52,5720
51,53,4440
51,54,5379
51,55,8054
51,56,6763
51,57,8588
51,58,7013
51,59,9926
51,60,6379
51,61,4292
51,62,8343
51,63,7246
51,64,719
51,65,1639
51,66,114
51,67,1932
51,68,8151
51,69,7816
51,70,9274
51,71,1994
51,72,2264
51,73,1323
51,74,6494
51,75,2209
51,76,6438
51,77,5895
51,78,1561
51,79,513
52,53,5607
52,54,5199
52,55,9845
52,56,9077
52,57,5500
52,58,9971
52,59,8715
52,60,2808
52,61,9651
52,62,9460
52,63,342
52,64,2626
52,65,529
52,66,7044
52,67,4837
52,68,1053
52,69,5939
52,70,9256
52,71,4126
52,72,413
52,73,9807
52,74,485
52,75,5697
52,76,572
52,77,5780
52,78,7430
52,79,8847
53,54,1421
53,55,5205
53,56,9868
53,57,4400
53,58,7998
53,59,598
53,60,5035
53,61,8316
53,62,7143
53,63,230
53,64,454
53,65,9986
53,66,7179
53,67,3940
53,68,5225
53,69,7076
53,70,7078
53,71,492
53,72,8586
53,73,3589
53,74,6925
53,75,6382
53,76,4539
53,77,7474
53,78,8558
53,79,5131
54,55,3182
54,56,281
54,57,5963
54,58,5772
54,59,9486
54,60,6279
54,61,1589
54,62,2523
54,63,1906
54,64,8206
54,65,2604
54,66,1937
54,67,2152
54,68,6015
54,69,7290
54,70,777
54,71,8502
54,72,6482
54,73,1469
54,74,7363
54,75,4126
54,76,2673
54,77,4777
54,78,2878
54,79,141
55,56,942
55,57,3958
55,58,6740
55,59,7005
55,60,2271
55,61,5060
55,62,6039
55,63,8382
55,64,3935
55,65,5087
55,66,8897
55,67,7346
55,68,4334
55,69,1393
55,70,4131
55,71,3312
55,72,1912
55,73,3181
55,74,7905
55,75,1258
55,76,9734
55,77,9730
55,78,548
55,79,340
56,57,6699
56,58,9811
56,59,4707
56,60,8943
56,61,7930
56,62,5260
56,63,3812
56,64,9643
56,65,7372
56,66,5220
56,67,1876
56,68,8346
56,69,9675
56,70,2682
56,71,2800
56,72,9613
56,73,3817
56,74,6604
56,75,2232
56,76,348
56,77,6025
56,78,841
56,79,698
57,58,2387
57,59,7523
57,60,3676
57,61,3809
57,62,6576
57,63,9800
57,64,9507
57,65,5258
57,66,5788
57,67,1519
57,68,7875
57,69,7282
57,70,8169
57,71,9199
57,72,7165
57,73,7717
57,74,6180
57,75,6767
57,76,4053
57,77,8137
57,78,4720
57,79,5834
58,59,6241
58,60,6747
58,61,8452
58,62,8479
58,63,8491
58,64,1633
58,65,6983
58,66,4526
58,67,7861
58,68,5582
58,69,6884
58,70,4022
58,71,6336
58,72,4251
58,73,820
58,74,9111
58,75,4457
58,76,2176
58,77,7866
58,78,2911
58,79,889
59,60,9468
59,61,3024
59,62,5304
59,63,4498
59,64,306
59,65,3020
59,66,7392
59,67,8163
59,68,2217
59,69,6854
59,70,9450
59,71,7425
59,72,3084
59,73,5806
59,74,5897
59,75,5614
59,76,3462
59,77,1529
59,78,2347
59,79,8800
60,1,2207
60,2,6618
60,3,7493
60,4,6489
60,5,6909
60,6,2503
60,7,7521
60,61,7240
60,62,8942
60,63,8704
60,64,4026
60,65,9475
60,66,2983
60,67,8587
60,68,9408
60,69,7119
60,70,3155
60,71,6458
60,72,6768
60,73,1097
60,74,31
60,75,9315
60,76,3099
60,77,8923
60,78,6946
60,79,4850
61,62,5801
61,63,2066
61,64,1977
61,65,8629
61,66,6363
61,67,7977
61,68,9443
61,69,3600
61,70,2111
61,71,7083
61,72,191
61,73,809
61,74,5143
61,75,4893
61,76,2816
61,77,7747
61,78,2163
61,79,3535
62,63,5669
62,64,9658
62,65,2093
62,66,8477
62,67,3272
62,68,4409
62,69,6111
62,70,5746
62,71,1686
62,72,7786
62,73,5459
62,74,1424
62,75,2081
62,76,3998
62,77,2574
62,78,4549
62,79,3140
63,64,8592
63,65,4980
63,66,3834
63,67,5057
63,68,3667
63,69,6868
63,70,2258
63,71,6885
63,72,1469
63,73,710
63,74,1201
63,75,1390
63,76,5589
63,77,6296
63,78,2089
63,79,9298
64,65,4197
64,66,583
64,67,6297
64,68,2473
64,69,1527
64,70,7343
64,71,8252
64,72,1417
64,73,1938
64,74,9829
64,75,3596
64,76,9723
64,77,5645
64,78,8911
64,79,1893
65,66,676
65,67,8550
65,68,5878
65,69,9977
65,70,1149
65,71,4030
65,72,5543
65,73,6412
65,74,1913
65,75,1333
65,76,7958
65,77,7679
65,78,9661
65,79,9852
66,67,2409
66,68,3763
66,69,6089
66,70,9996
66,71,2109
66,72,3834
66,73,1615
66,74,9379
66,75,743
66,76,9031
66,77,2895
66,78,9538
66,79,9308
67,68,9516
67,69,6275
67,70,3953
67,71,1109
67,72,2594
67,73,9603
67,74,3358
67,75,8438
67,76,314
67,77,610
67,78,819
67,79,521
68,69,1942
68,70,5247
68,71,2522
68,72,9748
68,73,1399
68,74,8113
68,75,4496
68,76,6283
68,77,2373
68,78,4889
68,79,194
69,70,6357
69,71,8115
69,72,9029
69,73,2407
69,74,4085
69,75,9720
69,76,7159
69,77,6501
69,78,2495
69,79,8978
70,1,936
70,2,2282
70,3,1830
70,4,1652
70,5,9364
70,6,3810
70,7,1668
70,71,743
70,72,9506
70,73,3175
70,74,1058
70,75,3980
70,76,9458
70,77,359
70,78,7807
70,79,5509
71,72,6251
71,73,8998
71,74,226
71,75,4583
71,76,6162
71,77,4044
71,78,1108
71,79,2539
72,73,6994
72,74,409
72,75,5303
72,76,1372
72,77,9291
72,78,5678
72,79,4048
73,74,9668
73,75,7278
73,76,5963
73,77,7257
73,78,174
73,79,6488
74,75,4971
74,76,7297
74,77,9877
74,78,9857
74,79,9364
75,76,1715
75,77,7887
75,78,2133
75,79,9894
76,77,2167
76,78,3967
76,79,128
77,78,5748
77,79,8889
78,79,791